Cost matrix;
0 13.8900 21.0200 32.5600 17.2000 14.1400 11.4000 26.4200 22.0200 23.0900 28.3200 12.0400 8.0600 29.1500 18.1100 24.7400 22.0200 17.2600 14.7600 31.9000 32.4500 32.0600 20.8100 22.0200 25.0600 23.0900 28.1600 8.0000 29.9700 29.1200 30.8700 29.8300 10.0000 34.0000 31.7800 39.4100 43.9300 18.1100 15.8100 38.2900 42.2000 30.4800 31.3200 34.6600 25.0000 31.3200 2.2400 9.4300 15.8100 21.6300 26.1700 
15.2790 0.0000 12.3700 22.7443 32.4790 22.6864 18.6514 26.5251 13.7588 25.6664 34.7464 12.9664 22.2164 43.3895 28.5614 36.6364 21.1662 30.9868 28.9695 47.1790 22.3416 29.0844 10.5343 24.4351 30.7400 33.1100 18.8700 9.5914 20.5232 23.5138 34.1564 22.1000 6.5664 43.9840 33.0767 29.4823 31.9918 33.3890 21.4210 45.8916 57.4790 45.7590 46.5990 37.1451 40.2790 43.5477 17.5190 24.7090 15.2151 28.8616 26.6767 
24.0700 12.3700 0.0000 21.2670 37.5376 24.2508 29.0000 38.8951 26.1288 16.7962 28.8162 15.0946 25.0076 51.0900 38.2800 38.2008 8.7962 34.0600 36.6700 53.3700 13.7256 18.3538 14.3505 36.5700 42.5600 43.9900 31.2400 20.2200 23.3331 11.1438 24.5067 29.7795 11.9700 41.6902 20.7067 20.8663 27.7592 35.5608 17.1808 36.5067 62.5376 51.3911 50.5280 49.5151 43.9328 43.7002 23.0724 31.6076 27.5851 23.5802 14.3067 
34.4890 19.2100 15.3000 0.0000 51.6890 38.5842 37.8614 37.4607 25.1472 32.0962 44.1162 30.3468 39.8112 62.5995 47.7714 53.5008 24.0962 49.3600 48.1795 66.3890 8.5129 28.4573 15.1404 39.6036 49.9500 52.3200 28.1772 28.8014 12.1472 22.9006 39.8067 18.5936 25.7764 56.9902 36.0067 14.2710 12.3216 50.8608 32.4808 51.8067 76.6890 64.9690 65.8090 51.6314 59.2328 59.0002 36.7290 43.9190 32.7740 38.8802 29.6067 
17.7896 31.0600 37.0100 49.6800 0.0000 22.6086 23.4081 39.6589 38.4781 34.7786 31.9286 27.1281 13.8881 21.7935 18.0689 19.2486 36.3481 7.8486 9.6774 16.2360 49.1181 46.2181 38.1181 34.3860 31.6391 18.7514 43.9481 24.6481 47.2481 44.5581 39.7045 46.7881 26.9881 32.6126 43.5845 56.1581 60.9281 14.1726 28.1081 43.3564 25.0000 13.8535 22.4420 44.5794 16.5057 26.1599 17.7881 7.8881 31.1958 29.6545 39.7353 
16.8266 22.2000 21.0200 36.0600 20.4000 0.0000 28.2266 41.8288 35.9588 13.6070 18.8400 12.8570 11.2484 38.0308 34.0066 18.4912 17.7747 15.9408 25.5692 36.6278 34.4947 26.9347 29.5063 38.8466 41.8866 36.8184 41.0700 24.8266 38.9760 26.9347 19.1625 43.4847 21.5947 21.2976 23.5970 41.3147 47.0247 15.6078 8.5547 26.6310 45.4000 34.2535 32.4088 51.4866 23.4390 25.4025 17.2172 17.8484 32.6366 11.2200 20.1819 
14.0220 16.7600 28.0700 35.3600 21.0200 25.5000 0.0000 17.9741 20.1268 37.1120 42.3420 24.4608 19.6527 29.5624 13.9050 35.8855 36.0420 28.8686 15.1424 37.2560 39.1016 45.7876 27.2943 15.6520 14.9051 20.6250 24.0568 13.2276 32.5368 39.2138 42.9012 29.3468 22.3851 46.7976 45.8020 46.2423 47.6816 28.6755 29.8320 52.1310 46.0200 34.5060 42.0704 24.2840 34.5696 42.7968 16.2620 19.7104 10.9068 35.6520 40.1920 
30.5120 22.8300 34.9300 35.0100 37.1200 40.2200 16.4900 0.0000 17.5500 48.4964 56.7075 35.7964 36.1427 41.1572 23.4240 51.4400 43.7262 41.2400 31.6324 52.0040 41.5193 51.9144 32.3885 7.9040 18.8428 28.0072 16.0992 23.8685 29.4968 45.8430 56.9864 23.1768 29.3964 61.5176 55.6367 48.6600 47.3316 44.2300 43.5485 66.1175 60.0672 49.2564 54.3800 16.1336 49.7400 58.1000 32.7285 32.0200 15.2685 49.0875 49.2367 
26.9390 11.6600 22.2000 21.1000 37.6400 33.2400 18.0300 14.0400 0.0000 37.3264 46.4064 24.6264 33.8764 47.5924 29.9972 48.2964 30.9962 42.6468 33.1724 53.8760 28.1517 40.5538 17.8784 20.7111 25.3308 36.3772 7.4263 18.5328 13.9100 33.3438 45.8164 11.9860 18.2264 54.5376 42.1473 32.8812 33.4216 45.0490 33.0810 56.3513 62.6400 51.4935 56.7972 30.1736 51.9272 55.2077 28.1216 34.6172 11.6172 40.5216 36.5067 
24.0136 24.2100 16.2800 31.0000 32.7600 12.3700 34.0100 46.1000 35.8100 0.0000 12.8828 15.9556 23.5656 49.8840 42.1236 23.7540 8.2400 28.3108 37.3156 44.8640 26.3144 14.9295 30.1600 45.6456 48.9151 47.1036 43.0800 29.0956 39.6131 19.5002 11.6313 41.2704 22.2856 24.8940 9.9900 33.4551 40.3480 23.8740 9.2456 23.8140 55.0840 46.3440 39.2340 58.2940 28.9840 26.9040 24.4776 30.1340 37.2681 6.7840 8.3202 
31.0366 34.0100 28.0700 43.0100 31.4000 14.2100 39.7000 54.0400 45.6200 12.0400 0.0000 22.3686 23.5149 51.2520 46.2731 18.9720 20.2800 29.8390 37.8357 43.1012 38.3544 25.9386 40.3542 53.0566 53.0100 49.0849 52.8800 37.6542 50.0642 31.4186 10.4186 53.1942 31.3342 14.7376 20.0810 43.4200 52.1752 24.7390 18.3642 12.9000 51.1612 45.2535 34.9312 62.9700 26.4264 16.9312 30.1642 30.1149 44.0840 10.7442 20.3602 
12.0400 12.0800 10.6300 25.0800 26.6300 11.1800 21.8400 33.3000 23.7100 12.8100 21.9300 0.0000 19.8940 41.1900 30.1500 27.5097 13.4000 27.1208 26.8000 41.1162 24.3556 25.7188 21.0440 31.7512 36.7451 35.1300 30.9500 15.8346 27.8414 21.7738 23.7146 32.3640 9.3440 32.4776 22.8000 31.4963 37.4016 24.0464 8.4546 32.9252 51.6300 40.4835 42.7184 45.3128 32.4184 33.9426 14.2800 21.4700 25.0366 15.8952 17.9088 
8.3824 20.8800 24.7600 38.2800 12.5300 9.2200 18.0300 34.0100 30.0000 21.0200 22.8300 14.2100 0.0000 27.7900 22.7582 19.3705 26.5060 14.7750 14.3208 28.7660 38.4856 35.9495 29.1924 30.4024 32.8500 25.5700 36.5424 16.3824 38.3524 35.9038 28.3825 38.2124 18.3824 30.5176 31.0100 45.6263 50.6016 12.1605 17.7747 35.7300 37.5300 26.3835 27.3121 42.3140 20.0954 23.8782 9.8980 6.6000 24.1924 20.4400 29.3402 
32.8196 41.8700 50.1200 61.0700 15.0300 35.3600 27.2000 39.8500 45.2200 47.6800 46.1700 40.3100 26.9300 0.0000 20.2180 34.2786 51.3781 22.8786 18.7460 17.8248 63.8456 61.2481 52.4043 35.4850 28.5050 14.4650 51.2568 39.6781 59.1300 59.5881 54.5225 56.5468 42.0181 47.6426 57.6700 70.9863 73.3916 29.2026 43.1381 58.3864 24.9048 12.8248 26.7918 46.5652 31.5357 41.1899 32.8181 22.9181 38.1068 44.6845 54.7653 
18.4722 26.9300 37.6600 45.6500 17.8900 30.4600 10.3000 21.5900 27.5900 41.0000 44.2900 30.0200 21.4700 18.3800 0.0000 36.5210 40.4922 25.1610 11.0210 30.8324 49.2716 50.5322 35.8670 18.3136 13.5702 6.7200 34.3568 20.8670 41.5000 47.5922 49.3422 39.5760 27.6255 48.0610 50.2522 54.7723 57.9716 29.6210 34.2822 56.7622 37.9124 25.8324 39.2745 31.4024 34.3957 43.4323 20.7122 21.7408 21.2068 40.1022 44.6422 
24.9874 36.0100 35.4700 50.6000 18.8700 14.5600 34.4400 50.7000 46.2700 23.3500 15.8100 25.7100 16.7600 32.2800 35.3800 0.0000 31.5900 14.0220 27.9730 26.2400 49.0547 38.2795 44.0663 47.0074 47.7930 37.1280 53.1474 32.9874 53.0244 41.4947 26.2286 54.8174 34.1130 13.9113 30.2300 55.8747 61.5847 9.3730 23.1147 27.5313 35.6900 29.2200 19.4200 58.7240 9.1200 6.9113 26.6580 23.0482 40.7974 19.5155 31.6702 
22.0400 18.6000 8.5400 23.0000 35.3400 16.2800 31.5800 41.3400 29.7000 8.0000 20.0200 10.0000 22.8500 49.6500 40.0100 29.6800 0.0000 32.2208 36.8000 48.4901 18.0744 12.3615 22.8905 41.7512 46.4851 45.1300 37.1263 25.8346 31.8731 11.8938 18.4070 33.0304 19.3440 32.8940 14.6070 25.2151 32.1080 30.7348 12.3548 30.4070 59.1860 49.1935 47.2340 55.3128 36.9840 34.9040 24.2800 29.4500 33.8151 14.7840 8.2070 
18.2324 30.6800 34.0600 48.0200 7.6200 14.7600 24.7400 41.2300 39.2000 26.9300 24.0800 23.4300 9.8500 22.0900 24.2100 11.4000 30.8100 0.0000 17.2974 23.8560 47.7856 40.8752 39.0260 39.1092 37.7802 26.3714 46.3924 26.2324 48.2024 40.8752 31.8559 48.0624 27.6560 24.7640 35.7359 54.9263 60.3416 6.3240 22.4952 36.9800 31.1918 19.1118 16.4680 49.0240 10.5896 18.3113 18.4360 12.5392 34.0424 21.8059 34.1224 
15.2028 27.5900 35.7800 46.7500 7.6200 23.1900 14.5600 30.0000 32.2000 35.0000 36.0600 26.2500 14.0400 14.4200 10.3000 25.5000 35.9000 14.1400 0.0000 22.2360 47.6528 47.2628 36.0128 28.6136 23.8702 13.3042 38.6168 22.2320 45.1728 44.3228 42.3525 43.9068 25.2028 37.0400 44.9900 54.6128 59.0716 18.6000 30.9398 48.7298 32.6200 21.1266 28.2535 34.9020 24.1257 32.4113 17.4428 10.7198 25.4668 34.4100 41.3728 
32.3715 45.7900 50.9100 64.2000 14.7600 31.9100 34.9300 50.1600 52.2000 43.8300 38.8300 40.3100 26.1700 14.4200 29.0200 23.1900 48.0100 17.2000 20.4000 0.0000 63.7000 58.0752 52.7000 46.5500 40.7784 26.7384 58.5300 39.2300 61.8300 58.0752 49.0559 61.3700 41.5700 33.9670 52.9359 70.7400 75.5100 23.5240 39.6952 47.2970 13.3938 6.1000 8.9670 55.3020 23.2840 30.1013 32.3700 22.4700 45.8368 39.0059 50.7172 
34.7100 20.8800 12.0400 7.8100 48.9200 32.7600 37.6400 40.3100 26.3100 25.5000 37.4800 22.6700 36.7700 61.5900 47.7600 46.9600 17.7200 46.1000 47.1700 62.9400 0.0000 19.9444 20.1402 45.3151 51.6200 53.9900 32.2524 30.4714 16.8064 14.9745 34.7934 23.2528 24.0100 50.3940 30.8904 7.1407 14.0336 46.7164 29.2208 46.7934 73.9200 62.7735 62.5680 56.2906 54.4840 52.4040 35.1124 43.3700 36.0951 32.2840 24.5934 
32.0600 26.9300 14.7600 24.1700 44.9400 25.0600 41.3000 49.6600 36.8900 13.4500 23.7100 20.0200 32.5700 59.4800 50.0000 36.7700 10.0500 39.8200 45.8900 56.9400 16.7600 0.0000 29.1105 50.7990 56.2051 55.1500 44.3163 34.9800 33.5664 10.8150 18.8504 40.0128 26.7300 38.3440 12.1404 23.9007 30.7936 37.3240 22.4048 32.2148 68.5340 58.7935 52.6840 64.0751 42.4340 40.3540 34.3000 39.1700 42.1451 20.2340 11.6369 
22.3490 7.0700 10.6300 12.2100 38.0100 27.0700 23.2600 25.7100 12.0800 26.0000 37.1100 16.0000 27.3100 48.9200 33.5400 41.4400 18.8700 37.1600 34.6600 52.7000 15.0300 25.0000 0.0000 26.8536 34.8936 40.1800 19.5063 16.6614 12.4620 21.7738 35.1367 18.9084 12.7530 47.6640 31.3367 22.1707 24.5316 38.8254 22.6440 47.1367 63.0100 51.8635 52.8454 39.5636 44.9904 48.3513 21.8254 31.7790 17.6336 30.4164 24.9367 
25.2020 21.5900 33.9600 36.6700 31.2600 36.1200 11.1800 6.0800 15.8100 43.2700 50.2100 30.5300 29.1500 33.8400 15.5200 45.6200 39.4000 35.7400 24.0200 44.1000 41.0100 48.3800 26.0000 0.0000 10.9388 22.2400 18.8276 19.9406 29.7200 45.0706 53.8440 27.7960 27.1506 57.4176 53.2600 46.3900 48.9916 39.8555 38.5840 62.7510 53.4324 41.3524 52.2080 17.3432 45.7496 52.5313 27.4420 30.8904 11.3406 46.3564 47.4032 
27.3154 29.0000 41.1100 45.6100 28.6400 38.8300 13.9300 14.2100 25.0800 47.9300 53.0100 35.7400 30.4800 27.1700 10.7700 45.6100 45.3500 34.6700 21.0200 39.3200 49.3700 54.9200 34.3700 9.4300 0.0000 17.4900 28.2576 23.4780 38.9900 51.4780 56.8312 37.0660 32.6355 58.0600 57.9200 55.8200 57.9316 39.6200 43.1254 65.4610 48.6824 36.6024 48.2870 18.0602 45.1457 52.5213 29.5554 31.2375 20.7706 48.9454 53.4854 
24.8722 33.1100 43.4200 51.9700 17.6900 33.9600 16.6400 26.9300 33.9400 45.2800 47.1700 35.1300 24.7400 13.1500 6.4000 36.4000 45.1000 25.0000 11.1800 25.7100 53.8500 55.1500 39.8200 21.0200 14.0400 0.0000 39.8476 27.2670 47.8500 53.9922 53.1225 45.9260 34.0255 48.2200 55.2700 60.9907 64.2916 29.7800 40.6822 59.2564 32.0600 25.8762 34.6770 32.1002 34.1957 43.3113 27.1122 21.2464 27.5468 44.3100 51.0422 
29.0048 18.8700 29.0700 25.3200 42.5800 40.1600 21.8400 11.1800 7.2100 43.0100 52.7700 30.8900 36.2200 48.3000 30.0200 52.7700 36.8000 45.0000 36.4000 56.7500 31.6200 43.6000 18.6000 15.5600 24.8400 36.0600 0.0000 23.7225 16.5109 40.2138 53.0264 13.7685 25.4364 61.4576 49.3573 38.4555 37.6416 47.1148 38.7177 63.3718 67.5800 55.8524 58.8931 27.3136 54.0048 59.6813 31.2448 38.1225 15.1225 46.4901 43.3767 
9.2000 8.0600 19.0300 27.2000 24.1700 20.5900 9.0600 19.8500 14.0400 26.6300 34.2100 13.8900 16.0300 33.9700 18.9700 32.5600 23.0900 25.1800 19.8500 38.9100 28.7900 32.5600 15.0000 16.6400 22.3600 25.0800 20.2200 0.0000 27.4620 28.0000 36.7475 26.0260 9.1575 41.7888 35.4732 35.9307 39.5216 26.5888 22.3446 45.7088 49.1700 38.0235 39.9580 31.1320 33.6688 39.4188 9.5888 17.5980 9.2020 28.7937 31.2970 
31.4390 16.1600 18.9700 9.4900 47.0100 37.1200 29.7300 26.3100 13.0000 35.1700 46.6900 26.0200 37.0000 56.6400 39.8200 51.4800 27.5100 46.8200 42.8000 61.7700 16.6400 31.4000 10.0500 28.7900 38.0800 46.2300 16.0300 23.0200 0.0000 28.8099 43.4767 6.4464 22.7264 57.7140 39.6767 21.9446 21.8116 48.8754 32.6940 55.4767 72.0100 60.8635 62.7590 39.4842 54.6720 58.3913 31.8754 40.6180 24.6172 40.4664 33.2767 
29.5000 21.3800 9.0600 17.0900 43.9100 25.4600 37.0100 43.6600 30.4100 16.1600 27.8900 17.4600 31.3800 57.7800 46.3900 38.8300 9.2200 39.8200 43.6600 57.0100 10.0500 7.2100 18.3600 42.9500 50.1600 51.9700 36.8900 28.0000 24.2100 0.0000 22.0508 30.6564 21.0300 40.6408 18.2508 17.1907 24.0836 38.0466 19.6666 34.0508 68.4060 57.7635 55.3940 57.9236 45.1440 43.0640 31.7400 37.9800 35.9936 22.9440 11.8508 
32.5036 32.6500 23.7700 37.4800 38.0100 18.2500 42.0600 54.5600 44.2000 8.4900 9.2200 21.2600 27.4600 53.0400 48.3800 24.6000 15.2300 31.2600 41.4400 47.1300 31.0200 15.5200 34.0000 51.6100 55.9000 52.1700 51.4000 35.0000 42.7200 21.0000 0.0000 48.2604 28.3000 23.9576 9.6624 36.9444 44.0820 31.0595 15.2600 13.3644 60.2900 50.3718 44.0200 66.0756 33.7200 26.1512 30.4920 34.0600 44.1456 13.9695 11.3220 
31.3400 17.0000 23.3200 15.8100 46.2400 39.1200 27.2000 20.8800 9.2200 39.0000 50.0000 28.4400 37.4800 54.4100 36.8000 53.0100 31.7600 47.0700 41.1800 60.9300 22.8300 36.8000 13.0000 24.1900 33.6200 43.1400 10.0500 22.1400 6.3200 29.7000 46.9600 0.0000 23.5664 60.4176 44.0267 28.2646 28.1316 48.7288 35.6440 59.8267 71.2400 60.0935 62.0980 33.0378 55.8088 59.9213 31.7288 39.7380 20.8372 43.4164 37.6267 
12.1000 6.0800 11.4000 22.8000 26.9100 16.1200 17.0300 27.0200 17.4600 19.1000 28.1800 6.4000 15.6500 39.1200 26.3100 30.0700 14.8700 25.5000 24.7000 41.4000 22.4700 24.3300 11.7000 24.6000 30.5900 32.0200 24.6000 8.2500 21.5900 20.1000 27.5900 23.0200 0.0000 37.4176 29.0900 29.6107 35.1216 27.8105 14.8546 39.3252 51.9100 40.7131 41.9680 39.3820 35.7454 36.9813 12.3548 21.5300 17.4520 22.2952 23.0770 
35.0124 42.9500 39.1200 54.3300 30.5300 20.8800 44.6500 60.4200 54.1200 23.7700 12.0800 31.2600 26.6300 43.6600 46.6900 11.6600 31.5800 23.0200 37.0100 33.1400 49.2400 35.7800 47.1700 55.7600 56.6400 48.0100 61.0300 41.2300 57.0800 39.8500 20.8100 59.6800 36.8800 0.0000 30.4724 55.5000 63.2736 21.0330 25.2702 13.9300 41.4400 37.0400 25.2100 68.4541 17.5100 7.2100 36.5280 30.7141 50.4320 22.8242 32.0902 
32.6600 30.6100 20.0000 32.2800 41.5900 21.2100 42.3800 53.2500 41.7300 9.0000 15.6200 20.6200 30.0200 56.5700 49.8200 30.2300 12.0400 35.4400 44.0000 52.0000 25.3200 9.0600 30.6100 51.0000 56.3000 54.2300 48.8000 34.4400 38.4700 15.3000 6.7100 43.2700 26.4200 27.4600 0.0000 32.4607 39.3536 31.1593 18.2456 20.0744 62.3693 53.6293 46.5085 65.0060 36.2085 32.5512 31.3760 36.6200 43.1460 14.0693 7.2960 
41.5100 27.3100 19.1000 10.0500 55.9700 39.6600 44.0100 45.0000 31.0200 31.6200 43.4100 29.7300 43.8400 68.5000 54.2300 53.7100 24.1700 53.1500 54.0800 70.0100 7.0700 21.0000 20.8800 46.3900 55.1100 60.4200 35.3600 35.3400 19.4200 15.5200 36.2200 25.7100 29.4100 55.3600 30.0200 0.0000 8.7552 53.5666 35.1866 49.4136 80.9700 69.8235 69.6180 58.7478 60.6040 58.5240 41.7648 50.4400 38.5136 38.4040 27.2136 
46.0700 31.0600 24.4100 12.0800 60.8100 45.2800 47.4100 46.3900 32.7600 37.6400 49.4800 35.0000 48.9200 72.8000 57.7100 59.4800 30.0800 58.4100 58.4100 75.0700 12.5300 27.0200 24.1900 48.5100 57.5700 64.0100 36.0100 39.1200 20.1000 21.5900 42.3000 26.0000 33.9700 61.4000 36.0600 6.0800 0.0000 59.0464 41.2566 55.4936 85.8100 74.6635 74.8780 59.0378 66.6240 64.5440 46.0154 55.1616 41.8236 44.4240 33.2936 
18.4324 30.4100 31.9100 46.5200 12.6500 11.3100 27.3100 43.6600 40.0100 22.8300 19.0300 21.4700 10.0500 27.1700 28.2800 7.2100 27.5900 5.1000 18.6000 21.0200 43.8300 36.0600 36.4000 38.4800 38.4200 29.6800 46.2700 26.0800 46.3200 36.7700 26.4800 47.2700 24.7400 18.4400 31.0200 50.8000 56.3000 0.0000 19.8647 30.9579 34.4138 24.2118 18.6720 51.4152 8.3720 14.1213 19.9480 13.6752 34.2424 20.8498 31.1502 
18.2112 18.7900 14.5600 29.8300 26.5700 7.0700 26.8300 39.6000 30.4100 7.2800 15.2300 6.7100 14.3200 41.2300 33.7300 21.0200 9.2200 21.6300 28.0700 38.8300 25.9400 18.3800 22.2000 36.4000 40.7200 38.1200 37.5900 19.8500 32.0600 18.3800 15.2600 34.9300 13.0400 25.0200 16.1200 32.7600 38.4700 18.3800 0.0000 24.6541 51.5700 40.4235 37.0520 50.9820 26.7520 27.2526 15.2320 20.9200 29.0520 7.7724 11.6272 
41.0366 43.0500 35.4400 49.5000 40.5200 24.2100 49.6800 63.7800 54.7100 19.3100 10.0000 31.0600 32.7600 54.9200 54.2000 23.0200 26.9300 32.9800 45.6900 46.0400 43.0500 27.1700 45.3100 60.1100 63.0100 56.8600 61.9100 43.9300 54.4100 33.0200 12.0400 58.3100 37.4400 13.9300 18.1100 48.0900 54.1500 27.8900 24.4100 0.0000 55.3700 50.9700 39.1400 72.9700 31.4400 21.1400 39.6420 39.3600 53.1320 20.7442 23.3620 
42.7896 56.0400 61.5200 74.6500 25.0000 42.4400 44.0100 58.2500 61.7400 54.2000 48.3800 50.9300 36.7700 19.0000 36.6700 32.5700 58.6000 27.8000 29.5500 10.6300 73.5400 67.4200 63.0100 52.1700 46.1000 32.0600 65.7900 48.8800 71.8700 67.6200 57.0100 70.6600 51.8600 41.1900 62.1700 80.6100 85.6300 31.3800 49.4100 54.7400 0.0000 16.7300 19.5970 64.1602 33.9140 39.4813 42.7881 32.8881 54.9168 49.6059 61.0372 
31.2396 44.2000 50.4500 63.0300 13.4500 32.7000 31.9500 46.5300 49.6600 44.9400 41.1900 40.0000 25.8100 9.4300 25.0800 26.0200 48.3700 18.0300 17.4600 5.0000 62.3700 57.7000 51.2200 40.4500 35.0600 21.2100 53.7600 36.8900 59.9100 57.1400 49.0300 58.5900 40.3100 36.6700 53.4500 69.4300 74.2500 22.5600 39.3600 49.0400 12.0800 0.0000 13.9670 51.5243 20.3010 30.4266 31.2381 21.3381 42.8568 39.8359 50.9872 
32.5524 44.9400 48.0100 62.2700 16.0300 27.5900 37.0000 53.1500 52.9500 38.6000 31.9500 37.4400 24.1700 21.9300 33.2400 16.1600 43.8400 14.3200 23.3500 8.5400 60.0000 52.0100 51.4800 47.2700 43.9700 31.3000 58.3100 39.0500 61.1000 53.0400 40.7200 61.1300 39.8100 25.0000 46.1400 67.0100 72.4200 16.2800 34.6600 38.3300 16.4900 13.0400 0.0000 58.2520 14.3170 23.0713 32.7560 23.9181 47.2258 35.6755 46.2872 
37.3720 34.1800 46.4900 47.0000 40.8500 48.8000 23.3500 12.0400 26.0800 56.3000 62.9700 43.5700 41.2300 39.0000 23.0900 57.1400 52.3300 46.5300 33.2400 51.6200 52.3500 61.1000 37.6600 13.0400 12.3700 26.0800 22.3600 29.6800 38.1200 55.3600 64.6400 32.3900 37.5900 67.8000 64.0100 57.0100 58.2200 49.9300 49.4100 72.9200 58.0000 47.2700 56.3200 0.0000 55.5601 64.0513 37.5360 43.0604 24.3806 57.1824 60.4432 
25.4124 37.6600 38.9500 53.7100 14.8700 18.0300 33.2400 49.7300 47.0100 28.4300 21.8400 28.6400 17.0300 26.9300 32.4500 6.0800 34.0600 8.5400 22.2000 17.1200 50.7700 41.8700 43.6800 44.2700 43.0500 32.5300 53.0800 33.0000 53.6000 43.2800 30.4600 54.4500 32.0200 16.7600 35.8500 57.6900 63.2900 7.2800 25.0000 29.0000 26.5700 20.1000 10.3000 55.0100 0.0000 11.2270 26.9280 18.9604 41.2224 25.5955 36.6272 
31.6974 42.0500 40.2600 55.5400 24.8400 20.0200 41.1500 57.3800 52.6100 26.4200 16.2800 31.1400 23.4100 37.1600 41.8700 6.7100 33.6200 17.6900 31.8300 26.1700 51.2600 39.4100 47.1000 52.3300 52.2000 42.5200 59.2300 39.0500 57.1400 42.4900 25.5000 59.0300 36.0100 7.0000 31.8300 57.7800 63.6900 13.8900 25.7100 20.6200 34.2300 29.8300 18.0000 63.8100 10.3000 0.0000 32.2164 27.5652 47.5074 20.3212 34.7402 
2.9792 13.9300 19.7200 32.0200 17.6900 12.0400 13.6000 28.3000 23.0200 20.8800 26.1700 10.2000 7.0700 30.4100 20.2200 23.3500 20.1000 16.7600 16.1600 32.2000 31.4000 30.1500 20.5900 24.0800 27.2900 25.0200 29.4300 9.2200 30.0800 27.5100 28.6400 30.4100 9.2200 32.2000 29.6100 38.4200 43.1400 17.0000 13.6000 36.1200 42.6400 31.1100 31.0200 36.8000 24.0800 29.8300 0.0000 11.0880 18.4220 21.3724 25.2272 
9.9015 23.3200 29.4100 41.8700 7.8100 15.1300 15.5200 32.0200 30.5900 27.0200 28.2300 19.2400 6.0000 21.1900 16.4000 19.4200 28.4600 9.2200 8.0600 22.4700 41.2300 38.3300 30.2300 26.5700 26.2500 18.9700 36.0600 16.7600 39.3600 36.6700 33.3800 38.9000 19.1000 30.4100 36.0100 48.2700 53.0400 12.2100 20.2200 38.0100 32.8000 21.2100 22.3600 37.7400 17.7200 26.0800 9.9000 0.0000 25.7115 26.3500 31.8472 
17.8000 12.3700 24.7400 28.4600 29.4300 29.1500 8.9400 11.3100 9.2200 34.8300 42.8000 22.0200 23.7700 36.0600 18.3800 40.5200 30.4100 32.0600 23.4100 43.6800 32.1400 39.2200 17.1200 9.2200 17.2600 24.7600 13.1500 8.6000 21.6300 33.7300 43.2800 18.4400 15.8100 49.6600 42.1900 37.8500 40.5000 33.7300 28.2800 52.5000 52.9200 40.8500 45.1800 21.9300 40.3100 47.1300 17.4600 23.0000 0.0000 36.0524 38.6170 
22.3992 26.4000 21.0200 36.2200 28.0700 8.2500 33.0200 46.7500 38.0100 6.4000 7.6200 14.3200 17.4600 43.1000 38.6300 16.9700 13.6000 21.5900 31.4000 38.0800 31.3200 19.8000 29.6100 43.1900 46.6500 42.2000 45.1800 26.9100 39.3200 22.3600 10.0500 42.4500 20.5900 18.1100 13.9300 37.7000 43.6600 17.0900 7.6200 17.0300 48.3000 39.5600 32.4500 56.0800 22.2000 20.1200 19.4200 23.3500 35.4700 0.0000 14.7202 
26.6000 24.2100 13.8900 27.2900 37.6400 17.4600 36.4000 46.8700 35.3600 5.6600 16.7600 14.5600 25.5000 52.3900 44.2800 29.0000 5.6600 32.2000 39.2000 49.2400 21.0200 7.8100 24.4100 44.7200 50.2900 49.0100 42.4500 28.2300 32.7000 11.1800 10.2000 37.2200 20.1200 28.7900 6.4000 26.6800 32.7600 28.3000 11.1800 22.2000 59.6800 50.1600 44.2000 57.7100 34.0600 31.9100 24.0800 31.4000 35.8500 12.0400 0.0000 
~
Delivery quantities;
2.02	0.00	3.00	2.08	5.25	8.30	13.87	11.50	4.02	2.94	0.45	0.91	18.40	15.00	5.56	3.17	0.44	19.88	0.00	0.48	2.58	2.11	11.51	8.46	22.84	4.22	5.63	5.01	1.03	10.16	5.10	2.09	18.00	11.93	0.27	0.52	2.81	3.33	10.44	1.17	11.12	6.81	10.14	8.00	7.44	0.90	5.47	9.27	7.50	3.39
~
Pick-up quantities;
4.98	30.00	13.00	6.92	15.75	6.70	5.13	11.50	6.98	2.06	18.55	28.09	4.60	6.00	4.44	11.83	2.56	21.12	9.00	27.52	5.42	5.89	4.49	1.54	5.16	2.78	9.38	8.99	4.97	8.84	5.90	9.91	5.00	14.07	16.73	5.48	6.19	11.67	3.56	5.83	15.88	6.19	0.86	8.00	2.56	4.10	19.53	7.73	10.50	6.61
~
Vehicle capacity; 
160.00 160.00 160.00 ~

