Cost matrix;
0 62.7400 45.3000 6.4900 52.2600 18.3500 19.6000 9.1800 8.0300 51.7900 32.6000 0.6500 21.0200 33.2400 4.6600 26.5900 13.7800 26.1400 14.0300 42.4000 13.7300 8.6300 16.7900 14.4800 62.3800 42.4900 38.7900 47.7600 15.3400 11.7200 50.0300 14.7900 20.5200 12.5500 11.8100 5.3700 50.5200 55.8700 13.2800 6.0400 11.6200 15.2500 49.4900 44.4900 17.5900 10.9100 13.2400 7.8300 16.8100 14.1400 32.6300 
66.4200 0.0000 104.3000 68.3360 118.2800 63.7800 85.7200 57.5800 64.5260 116.8600 59.8410 65.7700 87.1600 42.6426 70.6000 70.3860 65.0400 42.0160 73.6932 79.4730 60.1447 73.4000 82.5500 53.9200 127.4632 102.8100 72.6100 108.5761 51.0700 73.1700 27.3910 73.7000 45.6300 54.6092 55.2173 65.4000 115.5032 119.8332 54.5073 71.0473 57.6473 81.6700 113.2832 97.0610 49.2573 65.0650 57.1080 64.1679 64.9832 60.9232 94.7512 
49.5147 104.3000 0.0000 49.3715 25.7989 51.9176 34.0986 57.3272 52.9315 13.0289 57.7676 49.6615 31.1686 78.8390 44.7615 63.3154 46.6590 71.4300 47.2642 81.7754 61.0100 47.2754 37.8754 59.5749 48.1639 51.0012 78.5236 54.4613 62.7072 42.5976 88.8176 40.6176 66.6435 60.3672 58.8572 48.5672 40.6013 46.3601 59.8572 43.0272 56.8297 38.5346 46.7933 35.9376 64.8768 50.9549 62.7547 56.0520 59.4462 60.0600 21.5476 
8.1641 65.5200 46.6400 0.0000 51.4444 26.0841 20.1836 12.9363 5.7855 53.4544 40.3241 7.5141 19.6144 37.0964 6.1774 22.2264 21.9441 27.9486 10.1394 39.2160 12.5786 5.5836 16.5664 20.5625 60.4092 45.6617 35.5260 49.2708 19.5264 19.0432 55.5264 22.5132 24.9664 16.3664 18.1843 13.5341 48.4092 55.5436 20.0882 13.2132 17.6925 17.3117 52.2601 52.6541 21.8622 19.0741 15.0059 8.2786 13.4560 12.4599 40.7941 
53.4049 114.8800 22.4900 50.6900 0.0000 68.9357 42.7175 61.9117 55.8256 17.6226 80.2576 53.5517 39.7875 86.0917 48.6517 66.0430 63.6357 77.5952 50.2856 80.9460 63.2552 48.1056 42.2856 65.6600 22.3650 28.1430 72.3660 30.2790 68.7449 54.4256 101.2600 56.9790 73.1500 65.9549 65.2149 57.1256 16.4190 23.3311 65.9700 51.9057 62.7900 38.6456 22.6110 58.4276 70.9949 61.4906 63.8752 57.0852 61.5648 61.4918 44.0376 
21.4350 55.2200 49.3000 24.7800 62.7200 0.0000 34.5747 18.3664 27.7140 61.2147 19.2510 20.7850 36.9847 33.4992 24.2950 45.5894 7.0347 32.0310 34.3450 57.5038 28.0175 28.7150 34.8630 12.7413 78.4230 60.5130 56.4838 65.6930 18.0810 20.8047 39.9315 16.9147 23.1038 18.0438 17.9261 15.0650 66.8030 72.4930 16.0061 18.7330 14.6458 33.5640 67.6840 45.3501 20.4168 9.8340 26.6824 26.0164 35.2994 31.2394 38.8736 
21.1468 82.3300 29.6500 18.3300 32.7200 32.9000 0.0000 29.6536 22.7636 37.0337 49.6336 21.1936 3.1937 53.8236 16.3936 33.6836 30.6436 45.1436 17.1704 52.0436 30.2836 15.0436 9.2236 35.0936 46.1384 33.9336 45.9336 39.0936 36.0536 21.3636 70.2168 25.0236 41.3236 33.1036 32.6336 24.0636 34.3023 39.0705 34.1136 19.0436 32.2336 5.5836 35.8394 42.2968 38.3894 29.7882 32.8996 26.1096 29.7014 28.4298 30.2450 
12.5279 53.8500 54.1200 12.0900 61.3700 17.6600 28.6600 0.0000 10.0400 63.9695 32.3680 11.8779 31.7044 25.4932 16.9200 27.2230 18.8880 19.9416 19.8500 39.6411 9.6511 17.4200 26.7800 10.0080 72.4992 50.7200 38.3335 55.9800 7.5632 19.9395 43.7390 23.2323 13.1090 5.0516 5.2480 13.1803 60.4992 65.6100 7.1519 17.8750 9.4500 26.7000 59.0800 53.6181 9.8990 15.2880 8.3160 7.6500 16.9330 12.8730 42.2525 
10.0125 62.3000 50.5900 3.9900 54.5100 25.1200 22.2800 9.9200 0.0000 57.4444 40.7760 9.3625 23.6044 33.5060 10.1674 21.4928 22.2006 23.4485 10.6929 36.7664 8.0785 9.5736 20.5564 18.8798 63.5189 46.4160 31.7240 51.2257 17.0560 19.8689 52.7398 23.3389 22.4360 13.9160 14.1198 13.7906 52.3992 56.9929 16.6158 14.0389 17.0640 21.3017 54.7760 53.7247 19.2260 19.9460 10.1360 3.3460 11.0628 8.4364 42.1819 
53.8616 112.9100 11.5300 51.8100 12.7700 58.6300 33.6000 60.9200 55.7900 0.0000 69.2976 54.5116 36.7937 86.3685 49.9936 67.2836 55.8054 78.7436 50.7704 85.6436 63.8685 48.6436 42.8236 65.6485 35.1350 39.2583 79.5336 41.4324 68.4832 54.1276 98.5615 52.1476 73.1385 65.9716 65.6716 57.6636 27.5724 33.3312 65.9585 52.6436 62.7785 39.1836 33.7644 47.4676 70.8190 60.1013 65.9260 59.1360 63.3014 62.0298 33.0776 
33.7200 52.5700 56.9400 39.0000 73.3900 14.2600 45.9200 30.7100 39.1100 67.4300 0.0000 33.0700 49.1137 39.8736 36.5800 57.9330 21.2947 45.4446 46.6300 70.3511 40.3611 41.0000 48.0600 25.3346 87.0000 73.9100 69.0435 79.1400 31.5504 33.7680 36.6685 31.1747 35.6971 32.2072 29.3372 27.3500 80.2223 84.9905 28.5994 32.8580 25.6372 46.0148 80.4180 37.2200 33.5775 22.5680 39.0260 38.3600 47.6430 43.5830 48.1726 
0.6500 62.3300 45.9200 6.2100 52.7200 18.5700 20.0400 8.6700 7.4900 52.3400 32.8100 0.0000 21.6700 33.8837 5.3100 27.2400 14.4300 26.7900 14.6800 42.6462 14.3800 9.2800 17.4400 14.8616 63.0300 43.1400 39.2140 48.4100 15.9537 12.3700 50.4820 15.4400 21.1700 13.2000 12.4600 6.0200 51.1700 56.5200 13.9300 6.6900 12.0120 15.9000 50.1400 45.1400 18.2400 11.5600 13.8900 8.4800 17.4600 14.7900 33.2800 
21.8608 83.6900 30.8600 18.8600 31.8300 35.3200 2.9300 29.8700 22.7000 33.8400 48.5400 21.3900 0.0000 55.0466 17.6066 32.1468 32.4260 46.1485 16.0956 50.6068 30.7785 16.1068 6.7068 36.2516 47.3157 34.9860 47.3550 40.0042 37.2008 23.1460 71.8720 26.8060 42.3808 34.4108 33.6708 25.8460 37.2323 39.2057 35.1408 20.8260 33.4020 7.3660 32.6457 45.2268 39.4508 29.5494 32.8360 26.0460 28.2776 30.2122 33.1750 
33.4400 29.8200 76.7000 35.7100 85.5100 29.9100 52.8200 24.1800 32.5000 84.4300 34.0800 32.7900 54.0400 0.0000 38.1000 45.1440 36.4896 16.7895 43.1929 60.5205 32.5740 41.2936 50.2300 25.3696 95.8200 74.9000 60.5180 80.1600 21.1780 43.5849 25.3207 44.4549 17.0796 24.2980 24.8480 34.8449 83.9600 89.3100 23.4249 39.4800 27.2780 48.6900 82.9300 71.3000 18.8880 34.1203 31.8815 31.8300 39.7567 35.6967 65.0353 
4.7532 67.0900 42.6300 4.6100 48.1700 22.2900 15.4500 13.2600 8.1700 48.3800 36.5200 4.9000 16.6100 37.4400 0.0000 26.8364 17.7323 30.8932 11.0959 43.6285 16.2485 6.0568 14.7743 19.2332 58.2643 39.4843 39.8940 44.6443 20.0932 12.9776 54.7832 16.4476 25.2732 17.3032 16.5632 9.3223 46.4043 51.8343 18.0332 7.1476 16.3732 11.1343 49.2557 46.8334 22.3432 15.6632 17.9932 11.5160 18.0660 15.2985 35.2906 
26.7600 69.5600 62.1700 20.5800 59.4300 43.5800 32.6500 26.6100 18.7400 64.4100 57.2300 26.1100 31.3200 41.8000 24.9600 0.0000 40.5400 33.9717 23.9117 25.1192 20.2817 26.1636 33.4017 35.2400 64.3880 38.6580 17.5980 44.4241 31.7446 37.9376 67.1207 41.4076 37.2904 30.5117 30.4800 32.1300 54.4272 58.8305 32.9760 32.1076 35.3117 34.9517 52.2705 71.2500 34.0804 37.6259 23.4117 22.0517 12.4117 16.5025 59.3900 
14.7600 58.9900 45.3000 20.2700 57.7400 5.3700 27.5400 15.3500 21.1800 54.1800 19.2700 14.1100 29.9500 32.1800 17.3400 39.9000 0.0000 30.9707 28.4359 54.7760 24.7860 23.3900 29.8541 12.9159 71.4800 55.5041 52.5059 60.6841 17.0707 13.7700 45.3015 9.8800 20.5307 16.7407 13.8707 9.9959 61.7941 66.6105 13.3507 13.7241 10.1707 28.0259 62.1459 40.1744 19.0207 4.2959 23.6660 21.2318 31.3233 27.2633 36.0830 
26.1900 41.6000 71.4300 26.3200 77.0100 30.9200 44.5700 17.4500 22.5100 77.7200 40.0200 25.5400 45.1800 13.6500 29.3500 28.3700 30.8700 0.0000 31.6772 46.2695 18.2420 31.6120 40.6072 21.4776 85.4472 61.9672 44.3972 67.0972 18.2745 37.3895 38.9707 39.4276 15.2889 20.3993 20.3176 29.7243 73.4872 77.8172 18.3976 32.2300 23.1676 40.4843 71.2672 68.2030 16.2688 29.0930 15.0920 22.6968 22.9672 18.9072 58.8200 
14.4509 71.9000 46.1400 7.8600 46.6600 32.3600 16.5100 19.5300 9.8100 49.6000 46.6200 13.8800 15.7800 42.1500 10.3700 16.6200 27.6000 31.3100 0.0000 37.9974 16.5880 6.7260 12.8238 28.4225 54.6768 36.8305 34.2180 40.5328 26.0769 23.3476 62.0769 26.8176 31.5169 22.9169 23.9298 19.6923 42.6768 46.3000 26.4258 17.5176 25.5525 14.0844 48.0975 55.9020 28.4127 25.3609 19.9460 13.1560 16.5600 16.2179 45.6606 
42.4600 67.3500 80.6400 37.3300 76.9400 56.8500 51.1000 39.2200 34.4200 82.6500 69.1100 41.8100 49.7900 44.8300 41.9300 18.4700 54.2700 31.9100 34.8600 0.0000 36.8877 41.5860 47.6838 49.2280 81.2452 55.5152 10.9824 61.2813 44.8564 54.1800 70.1507 57.2500 47.1989 42.4364 44.4680 46.9400 71.2844 74.2337 46.3719 48.4589 48.3464 48.9444 67.6737 86.9500 46.5164 51.3400 34.9164 34.7400 30.8817 34.9725 75.0900 
13.7300 56.2100 58.0200 11.5400 61.8900 27.0000 29.8200 9.3700 7.5500 63.3400 39.9800 13.0800 30.1400 26.7000 15.4000 17.7600 24.3000 15.3700 15.9500 29.9900 0.0000 16.6187 25.9787 18.6445 70.6268 48.5505 28.6824 53.6805 13.2108 25.4500 48.7545 28.5200 18.4945 11.3945 13.9245 17.5033 58.6268 62.2500 15.6045 19.7700 16.2408 25.8987 57.8505 58.2200 15.4745 22.5145 3.8745 6.8487 9.0505 5.4905 46.3600 
9.2732 69.4400 43.4500 3.9600 46.7800 26.7500 14.6000 15.8200 7.7500 48.1800 40.9900 8.6300 14.9500 39.6400 4.5200 21.3900 21.8500 30.2300 5.9000 39.0200 15.2400 0.0000 12.2200 23.4916 59.1442 40.3642 36.6768 45.5242 23.3832 17.4976 59.1120 20.9676 28.9264 20.3264 21.0680 13.8423 47.2842 52.2000 22.5532 11.6676 20.6420 12.0142 47.5957 51.3534 25.7190 20.1832 17.8860 11.0960 17.4160 16.1864 39.8106 
16.8832 78.7900 36.7800 13.3600 37.6300 33.1500 7.2200 25.0300 16.9900 40.0400 47.0200 17.0200 6.2100 49.0000 12.1300 25.4400 27.8500 39.4800 9.5700 43.9000 24.2700 9.4000 0.0000 31.3632 51.7892 33.0092 43.0380 38.1692 32.2232 20.4392 66.9132 24.0992 37.4032 29.4332 28.6932 21.4523 39.9292 45.3592 30.1632 18.1192 28.5032 4.6592 38.8557 49.5168 34.4732 27.7932 27.1260 20.3360 21.6197 23.6530 36.9269 
14.9400 49.5500 55.3700 19.5700 65.5100 10.8900 33.3800 8.6800 18.2600 63.4400 22.4200 14.2900 35.1600 21.3700 19.1400 35.2200 11.1900 20.1100 27.3800 46.7800 17.6600 22.7800 31.2600 0.0000 76.6100 57.4300 45.9348 62.7000 7.0148 20.6200 38.4588 21.0700 10.3625 7.5248 5.1848 11.4800 65.4148 70.8100 3.2648 18.0726 3.9319 30.1448 64.4300 50.9194 8.9082 11.8094 16.4024 16.3300 25.5462 21.4862 40.8312 
62.6432 124.9000 38.2200 59.4500 15.7500 75.2900 43.1200 71.0800 62.8900 27.8800 87.0000 62.7400 41.3700 95.1200 57.8900 63.3300 70.0700 85.1100 53.8200 79.1000 69.7400 55.5000 46.1200 76.4800 0.0000 28.1800 72.0150 23.4150 77.9832 60.8500 112.6732 63.3500 83.1632 75.1932 74.4532 66.1700 12.7200 11.2970 75.9232 62.1636 74.2632 48.7036 18.9120 74.1576 80.2332 70.9194 73.0260 66.2360 67.7397 69.7730 59.7676 
42.5932 102.8100 41.1300 37.9300 26.5500 58.7600 26.5700 50.0200 40.6900 36.6900 72.2700 42.6500 23.8000 73.1000 37.8400 37.9000 53.4000 61.7600 30.9500 53.3800 46.6500 34.3000 25.8500 56.9500 25.7300 0.0000 53.4548 5.7661 57.0269 46.2892 92.5700 49.9492 62.4669 53.8669 54.4032 47.1623 15.7692 20.1725 55.8732 43.9692 54.1000 30.5092 13.6125 68.8668 59.3627 53.3494 50.5245 44.0360 47.4697 45.2130 56.8150 
38.9300 72.6100 73.8500 33.0100 68.9200 54.9600 44.6600 37.4600 30.8000 75.1700 68.1000 38.2800 43.0500 47.7000 37.4600 12.5700 51.7000 34.1500 29.0700 8.5800 28.1200 33.9600 37.4500 45.7200 70.6200 44.9200 0.0000 50.6861 41.3308 50.4376 73.0207 53.7200 46.6145 39.5145 42.0445 44.3000 60.6892 63.2513 43.7245 44.6076 44.3608 42.1092 56.6913 83.4200 43.5945 49.8400 31.9945 34.1460 24.9817 29.0725 71.5600 
47.8632 108.0200 43.2200 43.2200 26.1500 63.9000 31.4700 55.3000 45.9500 37.4500 77.3100 47.9300 28.7800 78.3300 43.1100 42.4000 58.5400 66.8800 36.1900 57.1500 51.8200 39.5800 31.0900 62.2300 22.3000 5.2900 48.6000 0.0000 62.2669 48.6800 97.8600 54.3594 67.7069 59.1069 59.6732 52.4323 14.1372 15.9354 61.1432 49.2092 59.3900 35.7492 11.9856 73.7668 64.6027 58.3294 55.6945 49.2960 48.6208 50.5030 61.7150 
15.5600 47.4300 59.3000 18.5800 67.5900 17.2200 34.9400 6.5200 16.0800 66.6300 28.1700 14.9100 36.2700 17.9300 19.6700 30.8200 16.9300 13.9500 25.8500 40.9600 13.0800 22.3400 31.5400 6.3400 77.5500 56.5000 40.5000 61.7800 0.0000 24.3225 36.1758 25.1022 5.5458 3.5392 5.6405 15.5825 66.0743 71.4300 4.1625 20.8792 8.9325 30.8043 65.0500 53.9679 2.3358 14.8579 10.8346 14.1700 22.1305 18.3120 45.7729 
13.0100 68.8700 35.9400 16.6600 47.0400 15.9300 17.2800 18.9900 19.4500 44.0300 28.6500 12.3600 19.9000 40.7600 12.2200 37.1700 10.7400 36.4000 21.9700 53.8400 25.4100 16.2000 19.1000 19.4900 59.3600 43.6800 49.6600 48.6800 23.4900 0.0000 53.7740 5.6794 28.3240 24.0416 21.7140 12.4777 51.5823 56.3505 21.5140 6.9377 18.3340 17.2002 52.5457 36.0652 25.8258 11.4240 26.2500 20.8400 29.8200 27.1500 22.3130 
50.4400 21.0700 87.1300 54.4300 100.3200 38.0300 68.8400 42.3700 52.0900 96.6600 32.4500 49.7900 70.7300 23.2300 54.6800 64.3900 42.6800 36.7900 61.8500 67.9300 47.9000 58.0100 66.8100 35.6100 111.9500 92.3000 70.9200 97.5900 36.0100 53.3000 0.0000 52.5600 40.3096 39.5492 38.8200 47.0900 100.7000 106.0400 36.9000 53.6826 39.5419 65.6900 99.9300 69.6700 37.9008 46.9759 46.8446 50.0200 56.7834 53.3905 74.6697 
15.6774 68.4700 35.8500 20.2300 48.7000 14.0700 20.4300 20.9300 22.7500 44.7000 25.6800 15.4000 23.1900 41.1700 15.9100 40.8000 9.5000 38.0600 25.8200 57.1700 28.2000 20.0100 22.8500 19.8100 61.6000 46.9900 53.2300 51.9100 24.6100 3.8900 52.0300 0.0000 30.0307 25.9816 23.3707 14.1097 54.7323 59.5005 22.8507 10.3230 19.6707 21.0902 55.8357 30.3858 26.9458 13.4280 28.6624 23.5074 32.4874 29.8174 26.2030 
20.7900 42.2500 63.4700 24.0200 72.6500 18.1500 40.0900 11.9500 21.4800 71.2300 26.5200 20.1400 41.5300 13.2400 24.9700 35.2200 19.4100 13.5300 31.2600 43.6200 17.7500 27.7700 36.9200 8.2900 82.8600 61.9400 44.0600 67.2200 5.4400 27.5400 30.6300 28.0700 0.0000 8.9792 9.5873 19.7700 71.3100 76.6600 8.8773 25.4173 12.0173 36.0400 70.2373 57.5873 3.6273 19.4350 16.2746 19.6000 26.8005 23.2405 49.1212 
12.7200 50.3800 57.1500 15.4400 64.7900 17.6900 32.0900 3.4600 12.9300 64.1600 29.7500 12.0700 33.3300 20.7300 16.7200 28.2800 16.4200 14.8900 22.6900 39.4600 10.5300 19.2300 28.4700 7.3400 74.5300 53.3500 38.4400 58.6300 3.1600 21.6300 39.1600 23.1700 8.6000 0.0000 4.0608 15.7226 63.1243 68.5543 4.3026 17.3400 9.0009 27.8543 62.1057 52.4897 5.4958 13.3797 9.9264 10.6757 19.5805 16.0205 43.9430 
12.0900 50.9700 55.4000 15.8400 63.9400 14.8200 31.3600 4.1000 13.9800 62.7800 27.1200 11.4400 32.8300 21.6900 16.3100 30.4800 13.6400 17.3800 23.4600 42.2300 12.9000 19.3900 28.3600 4.7600 74.1800 53.6800 40.9800 58.9700 3.8900 19.6100 38.6200 20.8300 8.7200 2.8800 0.0000 11.9893 62.6100 67.9600 2.4960 17.8879 5.2540 27.3400 61.5800 51.2158 6.0196 12.7596 12.4160 11.7500 20.3614 16.3014 41.9230 
6.3700 60.9400 44.7900 11.8600 54.0400 13.1000 22.0200 9.9100 13.0100 52.2900 27.3500 5.7200 23.9500 32.1400 9.2300 31.7300 8.4100 27.2700 19.2800 46.9100 17.3300 13.6500 20.7100 11.4800 65.1300 46.5600 43.7600 51.7900 14.5000 9.1400 46.8300 11.1100 18.9400 12.5000 10.6100 0.0000 53.9348 59.3648 13.1060 6.5926 11.1379 18.6648 55.8600 41.4958 16.6296 7.6950 18.2260 14.2000 23.1800 20.5100 30.5694 
50.7532 112.9400 32.6500 47.4600 12.6300 64.0400 31.4700 59.1400 50.8900 24.8400 76.2400 50.8600 29.5600 83.1500 46.0000 51.9400 58.7500 73.1200 41.8400 68.3500 57.7500 43.5200 34.1500 64.7200 12.0000 15.4600 60.0000 13.8600 65.6200 48.1300 100.2700 50.6300 70.9600 62.5900 62.3000 53.4500 0.0000 7.1344 64.0332 50.3860 62.3732 36.9260 6.1920 61.4744 67.9558 59.1094 61.0260 54.2360 55.7697 57.8030 54.1976 
56.0332 117.9200 38.4400 52.4000 17.0300 69.9800 37.2100 64.2700 55.6600 29.7600 82.3800 56.1700 35.1100 88.1000 51.2800 54.9500 64.6600 77.5800 46.3000 70.4800 62.2500 48.5100 39.2500 70.2100 8.6900 17.1600 61.9800 13.6200 70.7800 54.1100 105.8100 56.7200 76.1700 67.7100 67.5800 59.0600 6.3700 0.0000 69.3132 55.9360 67.6532 42.4760 9.4464 67.8444 73.1158 64.6594 65.7960 59.0060 60.8697 62.3730 59.9876 
13.6200 49.7000 56.0700 17.6400 65.1800 13.7000 32.7100 6.0100 15.8800 63.7100 25.4900 12.9700 34.2800 20.7300 17.8600 32.3100 13.1900 17.6900 25.3100 43.7100 14.6600 21.1200 29.9700 3.0800 75.6500 55.4100 42.6700 60.7000 3.7500 20.1600 36.9000 21.0300 7.5300 4.2600 1.9200 11.4200 63.8000 69.1400 0.0000 16.9983 4.7700 28.8700 63.1100 49.8054 5.6700 10.6954 13.1376 13.6600 22.2814 18.2214 41.6104 
7.3400 66.4600 39.8400 10.9200 48.5100 17.0300 16.6000 14.3000 13.6300 46.9500 30.9600 6.6900 18.6900 37.5000 6.6800 31.5000 11.7300 31.6800 16.9100 48.0200 19.7700 11.0100 16.1300 17.0100 59.6900 41.7800 43.9400 46.9600 19.6800 5.8300 52.2700 9.3000 24.3600 17.3400 15.8300 5.5400 48.0700 53.7600 16.8300 0.0000 16.2906 16.9596 51.3357 39.6858 21.8496 13.2350 20.5800 15.1700 24.1500 21.4800 28.1430 
12.0900 52.1800 53.1100 16.8500 62.7900 11.1800 30.5700 6.7500 15.8000 60.9500 23.9600 11.4400 32.3100 23.5900 16.2800 33.3100 10.0700 20.8000 24.6900 45.7400 16.0800 19.9700 28.3900 2.8700 73.6400 54.1000 44.1900 59.3700 6.9000 17.1700 38.4700 17.8900 10.3600 6.5700 3.7000 8.7700 61.8700 67.3400 3.1800 14.2900 0.0000 27.3400 61.5800 47.1256 8.8500 8.0156 15.0660 14.4000 23.6830 19.6230 39.0504 
15.5632 77.8900 34.5700 13.2500 37.5200 30.4100 5.1700 24.0700 17.1800 38.7600 44.0500 15.6100 5.8000 48.2400 10.8100 28.1000 25.0600 39.5600 11.6400 46.4600 24.7000 9.4600 3.6400 29.5100 47.1300 28.3500 40.3500 33.5100 30.4700 15.7800 65.1100 19.4400 35.7400 27.5200 27.0500 18.4800 35.2700 40.7000 28.5300 13.4600 26.6500 0.0000 38.4457 46.6577 32.8058 24.2046 27.3160 20.5260 24.1178 22.8462 32.2677 
49.6232 111.4000 36.2800 45.8900 17.3200 64.0000 31.1200 57.8000 49.1200 29.2200 76.6800 49.7700 28.8900 81.5800 44.8700 48.6600 58.6600 71.0300 39.7500 64.5700 55.7000 42.0200 32.8000 63.8700 14.6700 11.2500 56.1300 9.0800 64.3200 48.2200 99.4800 51.0000 69.7200 61.2300 61.1500 52.8200 4.8000 6.5600 62.7400 47.5800 61.0100 34.3900 0.0000 66.2744 66.6558 58.4394 59.2560 52.4660 54.4197 55.9679 54.8240 
45.4674 89.5000 28.7200 49.3000 50.7600 36.8700 40.6700 50.3400 52.2800 40.1600 37.2200 45.1100 43.3800 66.7100 44.7200 69.4500 35.8700 66.7200 53.2400 86.6100 57.9900 48.0600 46.7500 46.9100 66.4600 63.1300 82.0200 66.7100 52.8000 32.8300 69.6600 29.7900 54.8500 52.0700 49.4000 40.7800 59.1100 65.3500 49.0500 38.6500 45.9200 43.2000 61.7900 0.0000 54.4996 40.1659 57.8850 53.2974 62.2774 59.6074 15.6851 
17.8200 45.1600 61.2600 20.8500 69.8300 17.8000 37.1900 8.8100 18.2600 68.7400 27.7500 17.1700 38.5500 15.7400 21.9500 32.3700 18.1600 13.1200 28.0500 41.6500 14.7500 24.6200 33.8300 7.0700 79.8300 58.7600 41.6300 64.0400 2.2900 25.3700 33.8400 26.2700 3.2100 5.4100 5.9600 16.5100 67.9100 73.0700 5.2500 21.7900 8.3900 32.7500 66.6100 53.9600 0.0000 15.9454 13.1246 16.0857 23.2677 20.2405 46.8604 
11.7800 57.6900 46.8600 17.3400 58.0100 7.4500 26.7900 11.7600 17.8800 55.2200 21.7000 11.1300 28.9700 29.9800 14.9300 36.5300 3.6100 27.6400 24.9200 50.6900 20.7000 19.3400 26.2000 8.6200 69.7600 51.9900 48.2100 57.1900 13.8000 11.2000 42.3500 11.1900 16.9000 12.9900 10.2900 5.7000 58.2400 63.9900 10.0900 10.2900 6.9100 23.7300 57.8500 39.1100 15.2500 0.0000 20.0760 19.4100 27.0274 22.9674 32.6782 
13.2500 53.7600 58.3200 12.6100 63.3000 24.5300 30.8700 6.9300 8.8400 64.1600 37.1700 12.6000 31.4700 24.0700 15.8100 20.8800 22.2400 13.7200 18.1500 32.3300 3.1500 16.5200 25.8300 14.7700 71.6900 49.0600 30.9500 54.2700 9.9400 24.5800 44.8800 27.0400 14.6200 7.5200 10.0500 15.9700 59.6900 64.3700 11.7300 19.2000 13.4300 25.8400 57.8200 56.7500 11.6000 18.6400 0.0000 7.6048 12.2005 8.2134 45.8800 
7.8600 59.9700 51.9000 5.8300 56.5200 23.6300 24.0900 7.6500 2.3900 57.4600 37.4300 7.2100 24.6900 30.1600 9.2700 19.9700 20.0300 20.5100 12.2000 34.7400 6.1700 9.7700 19.1300 16.1500 65.1400 43.0700 31.6700 48.3300 13.7100 19.5500 49.7100 22.5800 19.0900 10.5700 11.7400 12.2000 53.1400 57.9600 13.6500 13.8000 13.8100 19.0500 51.4300 52.3200 15.8800 16.6000 6.7900 0.0000 13.4528 9.4227 40.4900 
16.9200 63.0900 57.0500 11.6000 58.0800 33.1900 27.6400 16.2200 8.7800 61.0300 46.8000 16.2700 27.1900 34.0000 16.2100 10.4300 29.6700 21.5600 11.5000 25.7600 7.8700 13.8100 20.9900 24.8700 64.5100 40.4000 22.0700 45.4400 20.8400 28.0900 55.6700 31.4800 25.6200 18.1000 20.1500 21.6900 52.6300 56.6600 22.0100 22.2700 22.9000 22.5400 50.1200 60.8500 22.5900 26.2300 11.0000 9.6400 0.0000 4.3848 49.5500 
14.1800 59.9400 56.6700 10.1300 59.2600 29.5100 27.7800 12.2600 6.4400 61.3800 42.9300 13.5300 27.7700 30.5500 14.5700 14.3500 26.2600 18.7200 12.7700 28.3300 3.9500 13.2800 21.7000 20.8800 66.5400 43.0600 25.4900 48.1900 16.8000 25.7800 51.8500 28.9300 21.6300 14.0500 16.1400 18.5900 54.5800 58.9100 17.9900 19.9700 18.9900 22.6200 52.3600 58.6000 18.5800 22.7400 7.0200 6.4100 4.0600 0.0000 46.8100 
33.9300 85.4900 20.9200 36.5600 40.2700 30.3700 26.3000 39.8800 39.9200 31.9800 36.2200 33.2800 28.9900 59.6500 31.9500 56.0800 27.4800 57.1200 39.6000 73.7500 46.3600 34.7800 32.5600 38.5200 55.4800 49.2400 68.6200 53.0900 43.6400 21.0500 67.2700 19.0700 46.8100 42.2300 39.8900 29.9700 46.8100 53.1700 40.0100 26.5900 36.8400 29.0700 48.9500 14.3900 45.2200 29.9800 45.6300 40.3600 48.1400 46.3600 0.0000 
~
Delivery quantities;
42.45	74.16	91.35	65.70	47.75	65.12	51.83	91.60	85.74	38.66	27.25	62.45	24.74	60.04	81.76	19.13	28.65	44.80	20.61	21.03	57.51	20.92	85.21	32.29	84.53	74.17	63.49	9.47	58.80	27.57	67.76	50.85	54.15	61.49	58.98	53.98	57.20	64.68	12.23	54.22	73.29	74.29	0.48	12.94	59.02	50.99	27.51	15.03	48.27	15.61
~
Pick-up quantities;
33.95	70.35	102.87	70.17	66.01	72.73	40.21	113.52	126.53	45.49	39.02	39.88	25.68	69.84	64.92	21.51	24.69	27.11	17.76	23.47	77.26	30.39	52.20	35.21	97.96	64.23	57.80	6.51	51.29	25.27	86.47	38.21	39.79	32.84	53.95	47.04	48.91	86.03	15.63	30.17	89.19	94.29	0.59	18.63	60.43	36.08	15.24	9.73	47.17	17.34
~
Vehicle capacity; 
823.92 823.92 823.92 823.92 ~

