Cost matrix;
0 42.2600 3.9700 51.1000 10.8600 59.9200 45.3200 13.1600 39.7400 19.0400 30.7200 57.8300 50.0500 18.5000 15.4700 28.2600 19.6000 52.1600 40.7300 16.3300 22.3300 41.2600 50.9900 16.2500 12.8400 46.6500 2.9600 16.5400 22.9600 51.0900 12.9400 40.1800 21.4000 8.0400 9.1100 56.0800 13.8300 16.5300 37.3800 25.6300 17.5800 11.4200 4.1100 39.9400 27.1700 13.3100 22.2500 48.3600 52.3900 21.3100 43.3000 
45.5088 0.0000 42.9200 60.0319 50.7648 69.8100 49.2651 36.0840 50.1500 38.8455 72.5750 87.8652 79.9620 61.3300 39.8616 71.0737 62.2737 93.6200 77.8482 53.8882 48.5352 69.2820 80.4448 32.7082 42.3682 54.9300 42.4600 42.0070 41.9608 24.2133 36.4234 81.8650 62.9750 48.3990 42.4448 86.1779 37.2448 43.4944 76.9984 66.6290 61.0463 44.7037 44.3790 77.3992 70.0149 52.4133 67.3475 40.8419 59.4951 62.5479 59.8210 
5.3595 42.9200 0.0000 55.9410 15.9710 58.4925 44.3825 18.5195 44.7910 22.4490 29.6550 62.6310 46.6216 21.5985 18.8790 28.1537 19.3537 50.7000 39.4696 14.4096 27.0110 42.4125 55.7010 21.6095 11.7125 44.1586 7.6010 15.8425 22.3025 56.4495 18.2995 38.9450 20.0550 13.3995 14.4695 61.4395 19.1895 21.8895 38.6275 29.7000 18.1263 9.9825 9.4695 45.2995 27.0949 18.6695 25.9389 53.7195 53.9060 22.4875 40.8086 
53.4190 54.8800 54.9900 0.0000 47.4031 107.3702 89.7902 51.3202 19.3720 48.1502 79.4231 44.6974 101.6116 63.9331 46.0702 74.1331 66.0931 96.7131 93.1631 68.8402 32.2531 92.9202 35.7492 55.9902 62.5502 95.5002 50.3702 63.6202 68.6702 52.0698 54.7202 89.1831 72.2016 49.6716 43.9702 45.0241 38.7702 40.1851 90.2231 62.9321 65.9831 64.7572 52.2892 57.6072 78.8731 50.4347 69.9506 27.2498 99.2942 74.6035 95.7986 
11.8373 48.6300 14.2300 44.7100 0.0000 71.4172 56.5185 22.3885 36.0216 23.1640 32.3400 47.5716 59.2415 19.9515 19.5940 29.3500 21.6800 52.2828 46.5000 25.4515 15.7316 51.2515 40.9316 26.0985 24.4785 58.2415 8.7885 28.3773 34.7973 56.4116 24.0315 41.7800 24.9900 4.0415 16.2216 45.8516 16.2216 13.5616 42.9600 18.1258 18.5800 22.9072 9.4640 30.4616 31.9347 3.0316 24.4736 46.4297 64.2273 33.1473 55.0386 
61.8095 59.5600 56.4500 104.4100 70.6600 0.0000 24.9651 58.4655 93.8355 67.3255 69.4668 118.2316 46.3722 72.6168 65.4955 74.3668 71.3768 88.9368 59.8768 55.2068 82.3455 40.7068 111.5916 54.5455 51.3281 22.3200 64.0510 47.1655 40.6455 81.8051 55.3455 73.6068 64.3568 69.0948 67.7758 116.5116 71.7685 78.0181 59.7568 86.1500 68.4268 53.6636 65.9195 101.1216 68.2468 73.6916 76.2268 97.0451 14.6851 56.9968 22.7968 
47.9795 38.1900 42.6200 84.7100 56.0800 21.4100 0.0000 39.9952 75.6452 49.5052 62.9648 102.6052 48.2235 60.8536 47.0652 65.8248 60.7836 85.3548 55.6816 47.3436 63.8452 39.6335 94.8552 39.4052 35.8236 25.0735 50.1852 35.8116 29.2916 62.4033 35.9652 72.4548 59.7020 56.0195 51.7584 101.4879 53.2982 59.3040 58.6835 72.3200 59.0720 37.1520 52.0895 86.5416 59.4048 59.1116 66.8711 79.0319 12.5416 54.0120 21.7235 
18.8188 29.1000 14.1800 48.5700 20.8800 56.4500 38.4800 0.0000 36.8448 10.3248 43.8350 64.5330 56.7275 35.7612 10.4932 42.3337 33.5337 64.8800 51.5388 26.4788 25.3174 46.5975 56.5030 6.1230 16.5375 46.3475 19.2132 14.8575 19.0375 41.0235 5.0375 53.1250 34.2350 22.4412 11.7632 62.5030 13.3030 19.5526 48.7320 39.0058 32.3063 15.9131 18.4212 51.3416 41.2749 23.9116 40.1189 41.0600 49.6115 32.5920 46.8164 
41.3545 42.5000 43.4800 13.3600 35.1800 91.1300 71.3600 35.6600 0.0000 33.1500 67.5200 45.4232 89.7823 53.5615 36.5824 63.7615 55.7215 86.3415 81.3123 56.6123 21.8815 80.4923 49.1092 41.7830 49.9445 82.0075 38.3057 50.5175 54.6975 43.2860 40.6975 76.9600 60.1700 39.2215 31.5423 43.1632 35.2080 29.8135 78.1400 47.3594 53.7600 51.5731 40.2247 51.1444 67.1147 38.2116 59.5790 18.4660 83.9016 62.1756 82.4764 
19.5993 26.7900 21.5200 39.6800 22.3900 64.7700 45.6200 9.5600 26.5200 0.0000 50.0099 61.5528 65.7599 37.1499 3.8199 47.8407 39.0407 71.7593 60.3293 35.9293 22.4418 56.1575 53.5728 13.5468 25.4628 55.9075 18.8307 24.4175 28.5975 44.8414 14.5975 59.7793 40.9993 22.6107 11.3807 59.5328 10.4118 15.8928 56.9793 40.5158 37.1793 23.7328 20.7497 50.5662 46.7693 25.3572 41.8493 35.3024 58.1616 40.9093 54.2402 
33.9995 70.8800 28.6400 76.3900 32.1800 64.0500 59.2200 42.7800 67.3600 49.7600 0.0000 69.2400 36.2766 16.7576 46.9476 8.8680 14.4676 28.2066 23.7976 21.5176 47.9116 36.9876 67.3576 45.0676 31.4100 52.4776 32.8776 37.2900 43.2476 82.4376 41.7076 12.7166 10.5376 31.5276 40.2976 68.0400 44.2476 44.7176 20.3218 30.1576 14.5776 33.0776 31.8176 45.2200 4.3076 35.2116 20.2216 78.6097 63.3965 19.5788 54.8999 
57.8300 82.6300 61.3900 36.9400 47.1700 117.7500 101.8800 63.6700 42.9800 58.6600 68.9700 0.0000 103.2086 57.0086 58.5686 62.8308 59.1786 76.9808 87.7608 71.2086 39.7786 96.7886 9.2786 68.8886 70.6700 104.4800 55.7686 74.3700 80.5486 77.2786 67.1886 76.2508 67.2386 50.9486 55.3786 2.5086 53.2522 47.7106 84.4608 42.8908 62.1908 69.2500 56.6340 24.9808 68.7542 48.5486 56.3254 61.4460 110.2200 76.8066 101.1300 
51.5195 74.8200 46.1600 101.1400 57.8600 38.0100 45.2900 55.4900 89.4700 64.9700 35.2200 101.9300 0.0000 50.0888 64.0616 43.8788 47.8088 48.7488 18.8088 37.8216 73.1710 11.9616 98.7916 57.4266 52.1064 37.8000 53.7610 51.3708 54.8696 96.5135 60.5275 37.3206 40.9806 59.5595 60.6295 103.2600 65.3495 68.0495 22.9506 65.3100 48.7367 52.9374 55.6295 80.4400 39.5276 60.8916 54.7443 96.5500 43.0976 36.5568 34.4500 
23.5095 60.7200 18.1500 60.8000 16.9100 67.6100 57.7400 31.6400 51.9900 36.8000 15.6000 55.6900 46.2600 0.0000 36.5040 11.3616 3.0492 37.6575 34.1002 19.6502 32.6416 42.6202 55.5480 37.0774 28.1602 54.8902 24.7902 33.7502 39.7702 70.3460 33.6374 26.4284 12.5902 19.4102 32.2402 58.1080 29.8860 30.4716 30.5602 18.1080 6.1802 28.1325 23.5824 36.7475 14.9400 19.9416 6.0175 63.3397 68.9025 21.3366 53.0325 
15.7794 29.3100 17.9800 41.4800 19.4000 63.3600 44.8600 7.0900 28.5800 3.5700 46.1900 58.1300 61.9400 33.3300 0.0000 44.0208 35.2208 67.9394 56.5094 32.1094 20.6440 52.7725 51.8140 13.1806 22.0725 53.4375 15.0108 21.9475 26.1275 47.5608 12.1275 55.9594 37.1794 18.7908 7.5608 56.6206 8.6140 14.6395 53.1594 37.3208 33.3594 20.3425 16.9298 48.7684 42.9494 22.4316 38.0294 38.8724 56.7015 37.0894 53.8740 
28.5426 70.0000 27.0800 70.5900 27.3700 69.2400 62.4500 41.1400 62.2900 47.0200 7.3900 61.6500 42.3300 10.5200 43.4900 0.0000 13.1120 29.4585 29.1200 23.5480 42.9099 42.3100 61.5336 44.7926 34.3580 55.4472 31.2109 39.8580 44.5269 79.3500 41.4826 16.3614 12.2380 29.5609 36.4600 64.1586 40.4060 40.7399 25.7700 24.3536 12.6009 35.0135 32.0136 42.0836 9.6300 30.2099 11.3536 73.7997 68.4475 20.2975 56.9303 
21.3640 61.6300 18.7900 63.0400 18.9500 66.3900 57.1700 32.6200 54.1000 38.2300 13.3600 57.8200 44.1700 2.3100 34.7200 8.8000 0.0000 37.7110 31.0510 16.6010 34.5168 39.5710 57.1155 35.6510 25.1110 51.8410 21.7410 30.7010 36.7210 71.7910 32.2110 23.3792 9.5410 20.0910 29.1910 59.9155 32.1960 32.5116 27.5110 19.9355 3.1310 27.4465 22.0545 37.6655 14.1224 21.9816 6.9355 65.3797 65.8533 19.1090 49.9833 
52.4926 93.4200 50.7000 91.7900 50.7600 82.4000 80.7500 64.8600 84.8600 70.9700 22.8000 75.4400 47.4100 34.3100 67.4400 23.9500 32.7500 0.0000 33.3837 43.7414 66.4916 50.9112 82.0710 67.8676 54.2100 69.3812 54.4910 60.0900 64.8314 103.3000 64.5076 17.5037 33.3376 52.8410 60.4100 77.9486 64.1960 64.3216 30.4512 47.8040 35.8810 55.8776 54.6176 65.5340 27.1076 53.7916 34.8040 97.1897 84.7596 37.5114 68.8896 
41.9519 74.6900 37.4000 90.5100 45.8500 52.6300 53.5400 49.9300 80.1300 58.6000 17.7000 86.3500 18.4400 31.2800 55.1600 25.0700 29.0000 29.9400 0.0000 26.0818 61.3666 22.5948 83.0918 50.9218 36.8118 43.0718 43.7818 41.0518 44.1018 89.7718 48.0318 18.5118 22.1718 44.0966 50.5818 85.7400 55.3218 56.4100 4.1418 46.5012 29.9279 39.0485 43.9946 62.9200 21.5730 48.8816 35.9355 90.2446 58.4502 20.6046 42.5802 
16.9832 51.4600 12.6400 67.3400 24.1800 50.1500 40.8800 24.9800 56.0700 33.5400 20.1100 70.1900 33.9200 17.5200 30.1100 21.7700 16.5400 42.8900 25.0600 0.0000 39.1255 29.2218 65.1116 28.0158 14.2848 36.7323 19.9432 20.1648 27.4358 66.0035 25.1858 31.0697 16.0197 24.0855 26.0932 70.0316 30.8132 33.5132 24.7997 35.6280 16.9722 15.1158 20.0655 53.7772 20.7797 27.2116 23.0472 64.2700 49.2523 8.6597 33.3823 
22.8470 45.3600 26.3000 29.5900 15.1500 80.3100 63.0400 24.5800 20.4500 19.5800 47.1700 39.3300 72.0800 31.6800 18.8000 41.8800 33.8400 64.4600 60.9100 38.1600 0.0000 63.9582 41.7946 30.6820 35.4882 69.3482 19.7982 37.6620 42.1170 51.1720 29.2120 56.9300 40.1400 19.1915 17.6620 37.6427 13.4736 7.9320 58.1100 33.2758 33.7300 34.2670 20.3942 38.8212 46.6200 18.1816 37.6975 35.8530 73.7860 44.1570 66.1470 
42.6595 64.1500 37.3000 92.1200 50.0200 32.8200 35.9400 45.4500 80.0800 54.9900 32.8300 95.6700 10.6800 40.6900 52.1000 39.1000 38.8600 49.6200 19.8200 25.8600 63.5700 0.0000 90.9516 45.4650 40.1448 26.4546 44.9010 39.4092 42.9080 86.4735 49.1802 38.3318 40.3349 49.9455 51.7695 95.8716 56.4895 59.1895 23.9618 58.7955 40.8128 40.9758 45.9255 76.5255 37.1376 53.0516 45.7955 86.5100 42.5559 33.1814 26.6859 
52.4973 73.7300 54.7100 28.8300 40.6600 110.7000 94.1500 55.7400 34.0000 50.2000 65.5000 9.0300 97.0900 51.2400 49.9000 58.3800 53.4800 74.6100 82.4200 64.4100 31.1900 90.1800 0.0000 61.8630 65.1385 98.8686 49.4485 68.8520 73.3070 77.2860 60.4020 74.7414 62.4998 44.7015 48.8520 9.2749 44.6636 39.1220 80.4698 45.6284 56.0898 63.5672 50.1240 27.7184 64.9415 43.6916 53.1908 52.4660 104.8873 72.0678 95.5186 
20.2784 26.8100 16.2200 52.4000 25.0800 52.2100 33.8500 4.7100 39.2900 12.7800 44.1400 68.3800 53.6200 34.2900 11.1700 43.2400 35.0200 66.6100 49.6200 25.2000 29.2500 43.3000 60.4200 0.0000 15.2152 43.0790 17.9352 13.5352 15.4290 45.4752 3.7152 55.1650 36.2750 23.8742 16.4732 66.3800 18.0130 24.2626 47.6052 42.1042 34.3463 14.5908 19.8542 55.5416 43.3149 28.1116 40.3075 45.7700 46.3916 33.3970 40.6934 
13.9956 39.9700 9.4300 61.7600 23.5900 47.0900 33.4800 15.0500 49.4500 24.4500 31.4100 70.6700 40.5300 25.0300 21.4200 31.9900 24.9600 54.2000 35.4800 11.5200 34.3400 30.7200 63.7900 14.1500 0.0000 36.9330 16.5455 5.8800 14.5516 53.4900 11.7300 42.5897 24.8855 21.3004 19.2355 69.4416 24.3955 28.6655 34.6302 37.9155 24.2555 2.3355 18.1056 53.9356 31.3932 26.6216 31.0475 56.1100 44.3786 20.1797 33.5830 
47.8756 54.9300 42.9600 93.8300 57.1500 14.8800 19.6200 45.2700 80.8200 54.3200 49.2400 104.3200 26.7400 52.9300 52.3600 54.3600 51.6300 68.1900 38.7800 35.5800 67.9900 19.1700 97.6400 41.5400 33.8800 0.0000 50.4255 33.4710 29.4010 75.5410 42.9610 55.7010 46.3465 55.1804 53.1155 103.0016 57.8646 62.5455 41.8510 68.0400 48.7100 36.2155 51.9856 86.0710 50.3410 60.1816 58.3210 86.3300 18.8800 38.9865 4.8910 
3.0488 42.4600 6.9100 48.3400 8.3700 62.7200 47.7300 13.6000 37.1900 17.9700 32.1300 55.0300 52.8400 18.8700 14.4700 29.0500 20.2600 53.0000 43.0400 19.0100 19.4100 44.1600 48.1000 17.3100 15.6900 49.5500 0.0000 19.5888 26.0088 53.2200 15.9888 42.4590 24.1290 5.9390 10.7490 53.9390 12.7600 15.7590 40.4288 24.1690 19.3190 14.4688 1.9190 38.8316 30.2188 11.4016 24.8875 48.7752 55.4388 24.3588 46.3488 
19.0210 35.3000 13.8700 62.2200 27.3700 44.0900 28.8100 13.8500 49.4400 23.3500 36.7900 73.9200 42.3700 30.5400 20.8700 37.5800 30.5300 59.5900 39.4800 16.7300 36.2900 32.0400 66.6500 11.2600 5.6000 31.8800 19.0700 0.0000 8.6716 49.4400 13.5516 46.7632 30.4855 25.0090 20.6103 73.0090 25.3470 31.5966 40.2302 43.2390 29.8555 7.9355 20.9890 57.8316 36.4732 30.4016 36.0776 54.9100 38.4986 24.3532 36.7710 
25.5410 33.0400 20.3900 66.2600 33.7300 38.7100 22.3600 17.8200 53.1900 26.6800 41.7500 79.9200 42.2000 36.7600 24.8500 43.2300 36.6100 64.4600 42.1400 21.7200 41.7000 31.5500 72.4600 13.9000 11.7500 27.6500 25.3800 6.5200 0.0000 55.9600 17.6152 50.5920 36.6355 31.3190 27.1303 79.3190 31.1230 37.3726 44.3556 49.5490 36.0055 14.0855 27.2990 64.1916 39.7188 36.7616 42.5976 58.8800 34.9016 29.7788 32.5410 
51.5394 18.7700 53.0400 43.8100 53.9800 78.3100 56.9200 39.0700 34.1100 32.2600 81.6500 77.0300 91.1100 69.0600 35.7600 79.2500 70.4800 103.2000 88.4900 63.8700 45.3600 80.4700 68.0200 38.8700 53.0100 73.0800 50.2200 49.4400 48.9200 0.0000 42.5852 91.7194 72.9394 54.5508 43.3208 77.2732 42.6718 48.1528 86.4752 71.1876 69.1194 53.4608 52.1390 81.8776 78.7094 54.4476 73.7894 34.9962 69.4616 71.6620 74.8890 
16.5632 30.2200 12.7800 52.5600 22.2400 52.7100 35.2600 4.0300 39.6800 13.5400 40.8000 66.6400 51.6900 30.8600 11.1000 39.8100 31.5800 63.2200 46.8200 22.1300 27.8800 41.5600 58.8900 3.4400 11.5000 41.3100 14.2200 9.8200 14.0000 41.7600 0.0000 51.5956 32.8350 20.1590 15.7932 65.5227 17.3330 23.5826 43.8900 38.3890 30.9063 10.8756 16.1390 52.7016 39.8749 25.2716 36.8775 45.0900 44.5740 29.6818 42.2577 
42.5908 79.8100 37.9900 85.2500 41.4300 67.3900 65.2700 52.0600 76.5800 59.2200 9.4900 75.2800 34.2600 24.6100 55.6500 14.7400 22.4800 15.4900 15.8800 28.4800 56.2900 34.8100 72.6200 53.1900 39.9900 52.9800 41.6200 45.1600 49.6000 91.0300 49.9000 0.0000 20.0276 41.0176 49.7876 75.7054 53.7376 54.2076 18.9684 38.0160 24.0676 42.3255 41.3076 52.2954 13.7976 44.4616 25.0160 87.8597 71.8600 24.6510 57.4068 
24.4595 61.3200 19.1000 69.1800 24.4800 59.3300 51.9000 33.2000 59.3400 40.3900 9.6000 65.9300 36.0100 10.2500 36.8200 10.5500 8.1900 32.1800 21.5700 11.3100 39.6300 30.7900 61.3700 34.5500 22.1200 44.4800 23.0700 27.6200 32.9800 72.1300 31.2000 18.8900 0.0000 24.7161 33.5695 66.2161 35.8300 37.9061 23.0784 27.0861 7.7561 22.7755 24.9890 45.8555 7.0399 27.5116 15.1255 70.9097 57.7180 9.5680 44.6923 
8.8588 47.3900 11.2900 46.8600 2.9500 67.7400 53.3500 19.0200 36.8200 21.7100 30.7000 50.1200 55.2000 15.9100 18.4800 26.4400 17.7600 50.1500 43.6600 21.4100 17.2700 47.2100 43.6000 22.9800 20.6800 54.2000 5.8100 24.5800 30.9900 53.7400 19.9900 40.0800 22.5300 0.0000 14.6590 48.7116 14.4236 16.4216 40.5515 18.5300 20.8910 20.2788 5.8290 33.3216 29.5699 5.8916 21.9275 47.5811 61.2488 30.0697 52.0986 
10.4988 36.2600 12.4400 43.2100 12.3900 64.0000 47.0700 9.1900 31.2300 10.6500 39.5500 54.8200 58.2400 26.1700 7.2700 36.4600 27.6600 60.4000 49.7700 25.0700 16.3100 48.9500 47.1200 13.8200 18.6200 51.8200 7.4500 20.0100 25.4200 42.8900 11.8200 49.0400 30.3900 11.2300 0.0000 53.9527 7.3320 12.8436 46.7733 29.7600 26.7690 20.7870 9.3690 42.8516 36.3499 15.4216 32.1875 43.3472 56.3940 30.6333 52.2030 
56.3088 80.4100 59.6800 34.8500 45.4900 115.9800 99.9400 61.6700 40.7200 56.5400 68.0400 2.2600 100.7000 54.5000 56.0600 60.7600 56.6700 75.1700 85.3300 68.7000 37.2700 94.2800 6.7700 66.3800 68.9300 102.6400 53.2600 72.0800 78.0400 74.7700 64.6800 74.5600 64.7300 48.4400 52.8700 0.0000 50.7436 45.2020 84.1810 45.1508 59.8010 67.7288 54.2690 27.2408 69.4400 48.5216 58.5854 59.1860 108.6988 74.2980 99.6088 
14.6488 36.1600 17.4400 38.0100 13.5200 68.6000 51.0200 12.5500 26.0800 9.3800 43.4900 51.2300 63.4100 29.3000 7.3000 39.7800 31.0200 63.6000 54.5500 30.0700 12.0300 54.1500 43.2000 17.2200 23.7800 56.7300 11.6000 24.8500 29.9000 40.4600 15.9500 52.9700 34.6200 13.4800 5.2000 49.2000 0.0000 6.2496 51.9733 31.6458 30.9190 25.9870 13.5190 40.1544 41.5499 15.1685 35.3175 36.0152 60.5240 35.8333 57.3630 
16.7988 40.8100 20.4600 34.5900 12.0100 73.7200 56.4800 18.0500 23.7500 14.1900 43.8900 45.6600 66.5700 28.8600 12.7300 39.3600 30.8300 62.7400 56.4100 32.7600 6.6100 57.7300 37.6800 22.7500 28.0100 61.5000 13.7500 29.7300 35.0900 43.2400 21.2800 53.2400 35.6200 13.1900 9.7300 43.6400 5.5800 0.0000 53.7415 29.6703 30.5900 28.2188 15.6690 37.9567 42.6599 14.3208 34.8775 38.0688 65.8540 38.1088 60.0988 
38.6252 72.2000 34.1200 86.9900 42.3200 53.1500 52.6300 46.8900 76.6800 55.4300 14.6200 82.9700 20.7900 27.7800 51.9600 21.9300 25.5100 29.2800 3.5400 21.9400 57.4000 20.4600 78.9500 46.7800 32.6700 38.9300 39.6400 36.9100 39.9600 85.6300 43.8900 14.3700 18.0300 40.1500 46.4400 81.9300 51.1800 52.9400 0.0000 42.3594 25.7861 34.9067 39.8528 59.8400 17.4312 45.3516 32.4240 86.1028 54.3084 16.4628 38.4384 
27.1988 65.5600 27.5000 52.0100 16.9400 81.7100 69.9100 37.5500 45.9800 39.1300 28.1000 41.0300 61.1800 15.0900 36.2800 20.9500 17.0400 39.8000 45.3300 31.7000 26.2000 55.7700 37.4400 41.4500 36.4300 67.2600 24.1500 41.3500 47.8600 69.9500 38.3500 35.3200 25.2300 18.5300 29.3300 40.0000 29.9300 26.7300 41.9400 0.0000 20.1710 37.4825 24.3590 21.6711 27.8400 19.9716 14.9500 62.0530 79.5888 34.7980 65.0823 
21.6588 59.2400 16.3300 63.1600 18.5800 63.4300 54.0800 30.3700 53.7100 36.5000 13.7600 59.7000 42.2400 4.3000 32.9500 10.7700 3.1000 34.5800 27.9200 13.4700 33.7000 36.4400 54.9900 32.5200 21.9800 48.7100 18.6100 27.5700 33.5900 68.6600 29.0800 23.2000 6.4100 16.9600 26.0600 58.4600 29.7900 30.1500 24.3800 19.3300 0.0000 24.3155 20.5290 40.7655 13.4499 21.6116 10.0355 64.5411 62.7223 15.9780 46.8523 
13.6095 39.1100 8.2500 60.0300 22.2400 48.5100 34.4000 13.4800 47.7200 22.8200 31.9700 69.2400 42.2000 24.7400 19.7500 32.1600 24.8200 54.7100 36.7700 12.3900 32.6900 32.4300 62.2800 12.9000 1.7300 35.4500 14.2100 5.8600 12.3200 51.7400 10.0700 40.7200 22.5500 19.3600 16.9000 67.4800 22.0600 26.3300 33.8900 35.5800 21.9200 0.0000 16.1290 52.6546 29.0577 25.2246 30.7575 54.5400 43.9235 18.8062 35.3130 
4.9488 44.2800 7.7300 48.3200 6.7600 64.0100 49.3500 15.4800 37.5200 19.4600 31.0600 53.7500 53.0300 17.3400 16.0100 27.6500 18.8500 51.5900 42.6100 19.1100 19.0600 44.6000 46.9900 19.2100 16.9200 50.6600 1.9000 20.6100 26.9900 51.7200 16.1100 40.5400 22.2100 4.0200 8.8300 52.0200 12.4400 13.8400 39.1700 22.2500 17.4000 15.5300 0.0000 37.2216 29.2499 9.7916 23.3575 48.4552 57.3388 26.2588 48.2488 
40.6888 74.3600 42.7800 45.3600 29.2900 98.6400 85.2600 49.4200 44.0900 47.7600 45.2200 24.0200 79.0400 32.9900 45.8800 37.8500 34.9500 52.0000 62.7800 49.1100 29.4100 73.6400 22.7200 53.9100 52.1600 84.4500 37.6400 56.4600 62.9000 74.3900 51.3300 51.2700 43.1300 31.9300 40.2800 23.4100 38.6100 33.5900 59.4800 17.9100 37.2100 51.0300 35.9400 0.0000 43.7734 28.5272 31.3446 62.5560 93.0788 52.6980 82.4923 
30.5095 67.5500 25.1500 73.1500 28.7700 63.0400 57.1200 39.3000 63.9400 46.2100 3.5600 66.8600 36.1400 12.4500 42.6400 6.4200 10.1600 25.9500 19.4900 17.2100 43.8300 32.6800 63.0500 40.7600 28.3000 48.1700 28.5700 33.7600 38.9400 78.1300 37.4000 13.0500 6.2300 27.2200 35.9900 65.8500 39.9400 40.4100 16.1400 25.8500 10.2700 28.7700 27.5100 43.3400 0.0000 31.8016 17.0955 74.8011 61.7485 15.2712 50.5923 
13.6588 49.0400 16.8600 42.1300 2.8600 73.2200 58.2600 22.1300 32.9900 22.4400 34.4700 44.5400 60.7000 19.0100 19.7400 29.3300 21.1500 52.3800 48.5200 27.0300 12.7000 52.8800 37.9000 26.5300 26.1300 59.8200 10.6100 29.6800 35.9500 53.3800 23.9000 43.6200 27.0700 5.7200 13.1900 42.8200 13.1900 10.5300 44.9900 16.7400 21.0400 24.7300 9.2100 27.4300 31.1300 0.0000 22.4856 48.5530 66.0488 30.5121 56.9588 
25.3688 64.5100 22.1700 61.7400 19.1200 71.2400 61.8000 35.4100 53.6500 40.0800 15.4200 54.0300 48.3200 4.1500 36.6700 8.8700 4.8500 31.6400 32.3500 21.3400 33.2000 43.4500 50.1800 38.2300 29.1900 56.4900 22.3200 34.6900 40.9100 72.2900 34.8100 23.6000 12.6700 18.6700 29.4300 52.9800 32.1500 31.1100 28.9500 13.0000 7.8700 28.8900 20.6600 30.7300 12.8900 20.8200 0.0000 65.5497 70.3880 22.2380 54.7223 
49.2688 38.1700 51.7000 19.1900 45.9700 93.0500 72.2200 41.0600 13.1900 31.5200 77.7800 54.5600 96.4700 62.8500 34.5600 73.3400 64.8200 96.5100 89.0700 64.2700 32.3000 86.5100 45.8100 43.6100 55.9400 84.4300 46.2200 54.6800 57.1000 24.8200 44.9700 87.1900 69.1700 47.1100 39.3000 52.3500 34.6300 33.9900 85.7400 58.4000 64.0200 54.2900 46.9600 57.2800 74.2700 44.1500 64.9600 0.0000 84.7616 69.9333 84.3034 
53.8356 48.3700 49.2600 94.4100 63.2500 11.2100 10.2800 47.2200 81.0700 54.9900 61.5500 109.8600 41.4400 62.5600 53.9100 65.7900 61.6500 81.7600 52.9400 45.1200 71.5700 33.6900 102.4300 42.7600 39.8400 14.7500 55.0300 35.9800 29.9700 67.1200 43.7000 66.3500 55.4100 60.3900 55.3500 108.0000 59.6500 64.9700 52.7100 75.8000 58.5900 41.0500 56.5000 92.0000 59.9500 65.6300 66.4500 82.3600 0.0000 52.0020 19.6410 
22.1624 57.6700 17.9900 71.6300 27.4000 51.9800 45.0100 31.0400 60.8600 39.3500 14.5400 71.5900 30.7200 16.5400 35.8600 17.6500 14.8600 37.1400 19.4400 6.2300 42.1300 24.2200 66.4400 31.4100 17.7100 37.1300 23.6800 22.7600 27.3200 70.0200 28.3200 22.4100 7.3600 24.9100 30.3300 70.2600 35.1300 37.2300 16.1400 31.5700 12.2500 18.6200 23.3900 49.4300 12.1200 30.2100 19.6300 69.6400 48.1500 0.0000 39.6123 
44.5256 52.7100 39.6200 90.6100 53.8100 17.8100 18.8900 42.0400 77.6400 51.1600 46.6700 100.9800 26.5000 49.8200 49.1300 51.5700 48.5800 66.1400 37.0800 32.4100 64.6600 17.9100 94.2900 38.3900 30.5300 3.3500 46.2000 28.5800 24.5100 70.6500 38.0700 50.8100 41.5600 50.8600 48.5000 99.2900 53.4200 58.1700 36.9600 64.0600 45.6300 32.1000 47.3100 81.1800 45.4500 56.4800 53.4300 81.4500 15.8700 34.2000 0.0000 
~
Delivery quantities;
23.13	18.04	34.44	25.08	75.60	63.75	92.60	52.46	34.09	75.33	61.08	99.85	89.64	49.89	19.57	26.91	18.71	15.47	58.10	26.40	23.85	19.59	33.37	29.18	71.77	87.09	28.71	59.24	10.83	93.87	15.59	56.08	58.54	90.76	60.76	2.74	47.99	94.21	92.56	94.71	90.10	12.84	60.86	7.61	91.92	36.76	19.19	1.15	76.78	58.22
~
Pick-up quantities;
17.22	14.22	47.01	12.60	37.82	58.97	52.54	74.11	49.37	59.46	35.96	57.51	70.38	37.90	16.71	31.01	25.93	10.04	53.87	37.14	26.19	11.91	25.26	42.22	62.23	99.21	27.48	71.21	8.72	48.61	11.04	75.60	76.59	94.99	37.08	3.20	56.65	113.25	127.50	69.96	96.10	17.40	69.79	8.96	91.94	21.44	16.95	0.91	77.91	37.06
~
Vehicle capacity; 
829.02 829.02 829.02 829.02 ~

