Cost matrix;
0 6.6200 3.2100 18.0400 13.2300 58.8600 18.1300 38.2700 16.6700 28.6600 13.1600 51.4200 19.9100 53.0600 8.5700 15.6500 12.0800 8.4700 49.1800 9.5900 15.0400 24.1400 10.2300 34.6800 17.3900 10.0400 3.9900 15.7000 57.8600 8.2500 7.1800 23.9100 14.5800 16.9300 26.5900 54.4200 34.1900 21.1300 54.0100 12.1200 27.6400 58.7500 20.3100 30.0600 31.4300 12.2900 10.4400 20.3900 23.0100 48.0000 47.1200 
7.2820 0.0000 6.8600 15.1761 20.5120 57.4988 16.6088 37.8461 12.7580 24.5961 19.6000 50.7888 23.9030 58.5500 5.2088 10.4380 12.1670 12.4230 54.5030 16.8720 10.9461 30.3716 9.5012 41.4916 23.8100 16.4600 7.1100 22.9820 63.7316 15.5320 14.4620 31.1920 9.2880 15.2656 33.3720 60.9416 35.6483 19.7693 60.3507 17.9516 28.7588 58.1096 19.7280 26.7183 30.7632 18.5778 17.7220 26.6888 25.7237 45.7113 52.1903 
4.3335 6.8600 0.0000 16.7133 15.1726 62.7165 21.8265 35.6633 16.9142 27.7933 17.2730 55.3200 17.3200 57.3935 10.4265 15.1465 9.3833 5.8400 47.9200 10.9326 14.8542 23.5116 14.5635 34.6316 21.2607 14.3735 7.8100 20.0335 56.8716 12.5835 11.5135 28.2435 13.9965 20.4833 30.9235 54.0816 38.5235 24.9870 58.3435 11.0916 31.9735 63.0835 24.6435 30.2859 35.7635 11.9948 13.7007 19.8288 27.3435 48.9085 45.3303 
19.8935 14.0800 15.5600 0.0000 30.5410 66.9316 27.7607 24.2462 6.6707 14.9850 32.6107 61.2507 22.2560 72.6300 17.5507 7.8516 10.5552 19.8007 52.3784 26.3010 4.6107 33.8280 21.8431 34.2684 36.8207 29.9335 21.1900 35.5935 65.5880 28.1435 27.0735 42.1542 9.1856 26.8710 45.7139 54.0384 49.1844 30.9212 73.9035 24.4312 38.4558 65.9173 17.6433 16.2941 41.8087 17.5212 29.2607 27.9980 38.0656 36.1002 43.5480 
14.6376 19.8000 13.6900 28.1300 0.0000 67.8208 29.7708 44.3180 28.7740 39.6740 9.1116 59.4408 18.9380 48.3762 21.7857 28.4740 21.3240 12.4321 43.2730 4.6640 28.4130 19.4535 23.3185 30.9530 11.5162 6.5508 15.7185 15.4716 52.0330 11.5008 7.1364 27.7716 27.6865 29.6216 29.1916 49.7530 40.0170 32.9313 51.7916 10.0580 36.5500 69.8016 34.9476 42.1666 43.7216 16.6950 5.0816 14.4430 32.5526 60.1647 48.2946 
61.2521 56.1100 61.4500 66.3400 67.4500 0.0000 45.1855 90.5862 64.6024 75.3824 64.3055 11.0055 78.7700 79.2439 53.1424 62.0224 67.3224 67.2900 109.3700 69.1924 64.5924 84.4524 50.4424 94.2624 68.5755 66.2824 57.1424 60.7139 118.2624 61.8924 65.4780 47.9239 61.1424 43.4724 48.5139 114.0324 35.0139 44.3000 78.8073 72.5124 36.0900 11.8690 60.7500 77.8750 38.6100 72.1476 69.4334 81.1454 45.3657 83.2356 106.7803 
20.1925 15.2300 20.5100 27.3800 28.9300 41.0100 0.0000 50.4228 23.5428 34.3228 27.3228 34.7005 37.8300 59.6228 12.0828 20.9628 26.2628 26.3500 68.4300 27.2694 23.5328 42.8794 9.3828 53.2028 30.6662 25.2228 16.0828 24.4128 76.8394 20.8328 23.4294 22.2928 20.0828 2.4128 25.8458 72.9728 23.5985 3.1605 56.8758 31.4528 12.5199 41.8744 19.4764 35.7240 14.1544 31.0880 28.2434 40.0858 10.8458 55.4380 65.8403 
39.4935 36.1600 35.1600 22.6600 43.6300 88.1700 50.0400 0.0000 29.3307 21.5352 50.5328 83.9107 32.8628 89.7800 40.2107 30.5116 33.2152 37.3405 53.0930 42.5060 27.2707 39.2900 44.5031 34.9830 54.7428 47.3928 42.9700 55.1935 63.5564 47.7435 46.6735 63.4035 31.8456 49.5310 66.0835 45.5868 71.8083 53.2005 93.5035 41.7300 61.1158 88.4578 40.3033 24.0278 63.5457 36.6080 47.2688 33.4600 60.7256 31.0485 29.1868 
18.6520 11.3700 14.8600 4.7100 28.3300 61.6800 23.2000 26.9800 0.0000 15.3250 30.2042 56.7152 24.7042 69.9200 14.6052 3.1152 9.1542 17.3942 53.8442 24.3642 2.2042 35.2139 17.2992 38.9784 34.2491 27.8300 18.4800 33.8592 64.7636 26.7592 25.8320 38.5392 4.4492 24.6620 41.0363 55.9160 46.3717 26.3605 71.7207 22.7939 35.7199 61.1809 12.6360 15.6136 37.0723 17.8174 28.5607 29.4426 33.5217 36.4402 48.2580 
29.8064 23.6300 26.4600 11.1000 39.2300 69.2000 33.9800 19.9400 12.2600 0.0000 42.4642 66.9905 33.3560 82.1800 26.8652 15.3752 18.9623 29.6542 58.6232 35.7889 14.4642 44.9280 29.5592 40.5132 46.5091 39.8464 30.7400 45.5064 71.9226 38.0564 36.9864 50.7992 16.7092 34.8026 53.2963 58.9626 57.5785 37.1405 83.8164 34.5355 44.8874 66.9226 20.5526 2.4926 42.0105 27.6255 40.1607 39.0980 44.8258 21.1152 48.3271 
16.8405 19.5100 15.0200 30.5400 6.4900 61.9200 25.1000 48.2900 29.7400 41.4800 0.0000 54.3660 24.0917 41.1300 21.2464 29.6464 24.4033 17.0001 49.7630 9.7699 28.8164 23.9499 21.6464 37.4430 4.2700 3.9564 15.3182 8.4480 57.6299 8.4882 7.6501 26.1948 28.7980 27.5128 22.6723 55.7700 34.6620 28.2605 46.3308 16.2499 32.4926 64.4626 35.3364 42.9800 39.2544 20.9456 5.3599 20.9330 26.1826 62.5952 54.7846 
51.4200 49.4100 54.2000 60.7800 59.0600 9.5700 34.1800 83.1400 56.2400 64.9600 53.3000 0.0000 71.3300 68.2384 46.2628 55.1428 60.4428 59.8900 100.6000 59.2722 57.7128 75.5600 43.5628 86.1000 57.5700 55.5145 48.8745 49.7084 109.2800 51.1045 56.2645 36.9184 54.2628 36.5928 37.5084 105.8400 24.0084 33.2945 70.4970 63.5400 25.0845 21.4390 53.6564 67.2672 34.7222 63.7100 58.6599 71.8100 34.3602 82.9503 98.5400 
20.7064 23.2800 17.2800 21.4000 17.3400 78.7200 37.7900 28.3300 24.4400 30.8800 23.3900 71.3200 0.0000 62.0620 27.3384 26.2984 16.3784 13.5584 30.6000 17.2438 23.3184 11.5720 29.9784 19.4404 27.6600 23.8478 24.6964 31.8380 43.3320 26.6376 20.9476 44.0376 25.8284 36.9384 45.8676 39.2104 54.8964 40.9505 66.5920 11.2776 48.3464 78.6884 34.3184 33.3726 50.9884 9.0984 22.0066 5.7420 43.7164 51.9952 36.7820 
57.3905 58.5500 55.4000 70.9600 44.5300 73.2600 56.0500 88.1500 69.6500 81.7200 40.5500 63.8500 60.7900 0.0000 61.7964 68.9880 64.7833 56.9621 87.8030 49.1940 69.3664 63.9835 62.1964 75.4830 44.8200 44.5064 55.8682 48.9980 88.6320 49.0382 48.2001 47.0115 67.8380 58.4628 43.3715 94.2830 45.1146 59.2105 11.9215 54.5880 65.4411 85.1290 75.5264 83.5300 70.2044 61.2250 45.9099 58.9730 59.1311 102.8352 92.8246 
8.7414 3.8300 9.9300 17.0600 21.5700 52.2900 11.4000 39.5100 13.6400 25.6800 20.1200 45.5800 26.8900 57.6800 0.0000 12.0385 15.9970 15.7700 57.4900 18.3314 14.7085 32.8814 4.2924 43.4214 24.3900 18.1545 10.2370 22.0880 66.6014 16.9914 15.9214 29.9368 10.8885 10.0568 28.1632 61.5292 33.3649 14.5605 60.8208 20.8614 23.5500 52.9008 17.1922 28.1726 25.5544 21.0314 19.1814 29.1314 20.5149 45.6855 55.2603 
15.8065 9.7400 14.3000 7.2700 27.9700 59.0800 20.6200 29.6200 2.6400 14.2000 28.8100 53.6000 25.7500 68.2800 11.4900 0.0000 11.1140 18.1240 56.1866 24.2140 4.5466 35.1260 14.1840 39.0640 33.0800 25.8465 16.8500 30.7440 66.3260 23.6440 22.8640 35.4240 1.3340 21.5468 38.5600 58.2584 43.2565 23.7805 69.8165 24.6260 33.1399 58.0657 12.6567 16.6926 33.9571 17.7160 26.2465 31.4024 30.4065 35.3152 50.8180 
13.1672 10.5800 9.1100 7.3300 20.8500 66.2800 25.6900 26.2800 8.9800 18.4100 23.6700 59.8500 15.6500 64.2200 14.3400 10.1000 0.0000 11.7114 46.2500 16.8266 7.0890 26.0732 18.6324 31.6132 27.9400 23.2072 16.9200 28.8672 57.2732 21.4172 20.3472 37.0772 11.4340 24.3968 39.7572 51.3732 46.2283 28.8505 67.1772 15.5732 36.4812 67.2408 20.1216 20.9026 39.8444 8.6632 21.5894 20.2884 34.8549 39.5252 46.6388 
10.1735 12.3000 5.8400 16.2700 12.0700 67.2400 26.3300 32.4700 17.2300 27.3400 15.8500 59.8800 11.4800 56.1700 15.6800 17.5200 8.9400 0.0000 42.0800 11.5855 16.0290 19.5180 19.8110 29.1048 20.1200 15.3680 13.6500 22.9053 52.8780 15.4453 12.2485 34.0835 18.8540 25.7368 36.7635 48.8648 44.3635 29.4905 59.7780 7.0980 37.8135 68.2044 28.3820 29.8326 40.4844 6.1548 13.0680 17.2220 33.1835 47.7326 44.1304 
50.6554 53.2300 46.9300 49.5000 41.3200 107.8300 67.3000 43.4800 53.3900 56.3300 47.6300 99.9000 30.0000 73.1000 56.7600 55.1100 45.1700 41.1100 0.0000 45.5620 52.2590 30.1758 59.9784 25.7162 51.9000 47.8708 54.6454 56.0780 14.9556 52.8208 48.4564 69.0916 55.8284 66.6802 70.3023 14.3100 81.3370 70.3000 85.0215 41.2776 77.8700 108.6884 64.3184 58.8226 80.9884 39.0984 46.4016 35.7420 73.6654 74.5285 31.0380 
9.9736 15.9900 9.5900 23.9100 4.2400 66.1800 26.5700 40.1000 24.1100 35.0100 8.4000 58.1100 15.2600 48.2400 18.1400 23.8100 16.6600 7.9900 41.8000 0.0000 23.7490 17.6619 20.2036 29.9400 12.3228 6.6040 13.9636 15.1528 51.0200 11.2512 5.4912 27.4528 23.5865 26.9036 28.8728 48.7400 39.8628 29.7305 51.4728 9.4754 37.0340 68.4444 30.2836 37.5026 40.7244 14.1448 4.7628 13.4300 31.6542 55.7226 45.4539 
17.3635 10.2300 13.0300 4.2300 26.3800 62.3400 23.1500 26.9000 2.0600 13.6500 28.0000 56.6400 22.5000 68.0900 12.9400 3.5800 6.9500 15.1900 51.6400 22.1600 0.0000 33.0232 17.2324 38.4984 32.2700 26.6002 17.3400 33.0635 62.5594 25.6135 24.5435 37.5435 4.9140 22.9968 41.1032 53.7118 45.8783 26.3105 70.5807 22.2880 33.8451 61.5826 13.0326 16.1426 37.3044 15.6132 26.7307 27.2384 33.4549 34.7652 47.7780 
25.6036 29.4700 22.6400 31.3300 14.8500 81.8000 42.0000 38.5800 33.6500 41.4200 21.2100 73.6400 10.8700 53.0600 32.4800 34.4500 24.6900 17.3900 26.4700 15.6300 31.6100 0.0000 35.8336 18.9945 25.4800 21.4008 29.5488 29.6580 41.4256 26.3508 21.1212 42.6216 35.6726 42.5336 43.8823 38.7645 54.8670 45.1605 64.9815 15.3826 51.4000 83.8744 44.0326 43.9126 56.1544 18.9926 19.9316 7.1126 47.2842 62.5352 36.3361 
11.6814 6.7100 12.1800 19.8600 22.5700 49.5500 8.5600 42.3900 16.2300 28.0600 20.2700 42.7100 29.3900 56.4000 2.9400 13.9200 17.2700 18.0100 59.1200 19.5000 15.6900 34.3800 0.0000 46.3614 24.5400 21.0945 11.0960 24.0000 69.0516 16.7384 18.8614 27.7561 13.8285 7.8761 27.3460 64.4692 29.0725 11.7205 56.5284 23.2716 19.2576 49.6796 17.3863 30.5526 21.9596 23.9714 20.1824 32.0088 16.2225 48.6255 57.5103 
35.5464 37.4300 31.9200 31.7300 30.8100 93.3300 52.3300 26.9100 35.8600 38.2200 37.2300 86.0900 14.8400 71.0700 41.1800 37.7800 28.2200 26.2200 18.1100 29.6100 34.2300 18.0900 43.8300 0.0000 41.5000 36.2140 39.5364 44.7628 32.4453 40.8612 35.1012 57.0628 39.1140 51.2368 58.4828 19.7700 69.4728 55.4905 81.0828 26.1176 63.0876 93.5096 47.2626 40.7126 65.7896 23.9384 34.3728 20.5820 58.5564 57.9585 17.3416 
18.9551 23.7800 19.1100 34.5300 8.1100 64.0000 28.6600 51.4900 33.9100 45.5400 4.2700 55.1300 25.4100 36.8600 24.3300 33.0400 27.5300 19.3000 47.2900 11.4100 32.1300 21.3400 24.3600 38.4300 0.0000 8.2264 19.5882 8.6835 60.1430 12.7582 10.9344 25.1801 33.0680 29.4992 22.7664 57.8630 34.8975 31.8205 42.0608 18.1680 36.2758 68.2458 39.2651 47.2500 42.8144 24.8050 9.6299 22.5530 29.9658 66.6552 55.7716 
14.5580 16.4600 11.8900 27.4300 6.1800 61.2700 23.2200 45.5700 26.6000 38.3500 3.1400 52.8900 21.6100 43.5900 17.2900 25.6900 20.6300 13.1100 47.3400 6.3500 24.8600 20.8800 17.6900 35.8900 7.3500 0.0000 11.7800 9.1015 55.4210 4.9500 5.6240 22.4730 25.7480 25.5661 23.2458 55.0900 33.4662 26.3805 49.4108 14.0410 30.4300 65.0944 31.7982 40.8426 37.3744 19.2648 3.1510 19.7800 29.3226 59.4652 51.8039 
4.1097 7.1100 7.1000 20.5500 14.9700 55.0600 14.6400 41.6600 18.3800 30.6300 13.0600 47.5100 23.8200 51.4400 7.0600 16.8500 15.3900 12.4300 52.8300 12.0600 17.0500 27.3600 7.6000 38.6200 17.2800 10.2600 0.0000 15.9975 61.9697 8.5375 11.2897 27.8247 16.3980 15.4471 30.2218 58.3900 33.2750 17.8005 53.2407 16.2297 26.8576 56.5144 20.0182 33.1226 28.7944 16.3997 13.4110 24.4997 21.8845 51.7452 51.2297 
17.7997 20.8000 18.4600 33.7300 13.5000 55.7300 21.6400 53.2900 32.0000 44.1900 7.0400 46.8800 29.9400 37.7500 20.0800 30.5400 27.5700 21.0500 54.6200 14.6900 30.5400 28.2400 19.2000 44.0900 8.2700 8.3500 13.6900 0.0000 63.0756 7.4600 13.9740 17.7468 30.0880 23.7600 14.2243 62.8100 26.2140 24.8005 49.6715 21.6956 27.5923 59.5623 33.7082 46.6826 35.7944 26.4422 10.8056 27.9430 21.2823 65.3052 60.1439 
59.5936 62.5300 55.9500 60.1000 48.3500 115.7200 75.9000 54.7900 63.7800 67.4100 54.2600 107.4100 39.7200 73.8600 65.8800 65.3300 55.2700 50.2500 11.3300 49.6200 61.9400 33.9900 68.0300 29.2300 53.1400 54.5200 61.2700 61.0300 0.0000 59.4700 55.1112 75.3372 65.5484 75.9061 75.2543 23.7978 87.2440 79.0605 85.7815 49.3726 84.9000 117.7096 74.0384 69.9026 89.9896 48.8184 53.4316 41.1026 80.4426 85.8385 40.5258 
10.9397 13.7800 11.0200 26.2900 10.5300 57.0000 18.7500 46.0200 24.7300 36.8400 6.5800 48.7500 24.2200 44.9200 13.8000 23.4300 20.1300 14.1700 51.2300 9.5000 23.1900 24.8900 13.7200 38.8800 10.6400 4.5000 6.8300 7.4600 58.7300 0.0000 7.3152 25.2068 23.0680 21.1628 21.6843 58.2400 33.6740 21.9105 48.9739 18.0489 29.6628 60.6244 26.8482 39.3326 32.9044 18.9822 7.6510 22.9300 27.7288 57.9552 54.9539 
9.1904 13.8100 8.4200 23.8200 6.2600 62.3600 22.9700 41.7900 23.2700 34.8100 6.7700 54.2800 18.5500 47.3100 15.3300 22.5600 16.9100 9.3500 45.6300 3.8400 21.4500 19.4500 16.3200 33.1500 10.7200 3.8000 8.7300 11.8000 53.4100 5.7600 0.0000 26.2730 22.4165 24.1771 26.0243 52.5800 37.2662 26.1305 49.2600 10.7337 32.4730 64.4430 28.7482 37.3026 37.1244 15.5048 4.8140 17.2700 26.1630 55.9252 49.2939 
24.4197 26.2800 27.1100 40.3500 26.1800 43.8300 18.3900 61.9700 37.3300 49.4000 19.8200 34.6600 41.6400 38.1200 23.7200 35.2000 35.7000 31.3900 67.4500 26.6100 36.4500 41.0100 21.4100 56.2000 20.8100 20.4300 20.3100 12.8600 73.8600 17.4400 23.0900 0.0000 34.6085 20.8028 4.2705 75.3500 19.3650 21.5505 45.1555 33.8237 23.1880 55.1580 37.8664 51.2346 32.3180 36.4222 23.5810 40.0400 16.8780 69.4055 71.5397 
15.8820 8.6000 13.3300 7.8500 27.0200 58.5400 19.7300 30.3900 3.4700 15.3200 27.7400 52.9300 25.3900 67.1500 10.3700 1.1500 9.7800 16.7900 54.9200 22.8800 3.8200 33.8600 12.8500 37.7300 31.9700 24.6200 15.7100 29.4100 65.0500 22.3100 21.5300 34.0900 0.0000 20.4268 38.3605 57.5000 41.9225 22.8905 68.9507 23.8880 32.1076 56.7317 12.4267 17.4303 32.6231 18.4432 26.3220 30.0684 29.0725 36.4352 51.3980 
17.7797 13.5000 19.1100 25.3500 28.3300 42.6200 2.0800 48.0100 21.1300 31.9100 24.9100 36.0000 36.3500 57.2100 9.6700 18.5500 23.8500 24.9500 66.0200 25.7200 21.1200 40.9800 6.9700 50.7900 28.6400 22.8100 13.6700 22.0000 74.7900 18.4200 22.2300 19.8800 17.6700 0.0000 24.1505 70.5600 25.3590 5.2405 55.4894 29.0400 14.5999 43.9544 21.5325 34.4026 16.2344 28.6752 25.9610 37.6730 12.9258 53.0252 64.4403 
27.2997 29.4500 29.7600 43.4900 27.3100 45.0800 22.0300 64.8200 40.6300 52.7600 20.8300 35.7100 43.4700 34.6900 27.0800 38.5600 38.5500 33.6700 68.2600 28.2500 39.6700 41.9700 24.8600 57.8200 21.0800 21.9300 23.1900 13.8100 74.1900 19.5200 24.9600 3.6500 37.4400 23.5300 0.0000 76.6000 19.0350 25.1905 40.8850 35.5056 24.1600 56.1300 41.5064 54.8703 30.5121 38.5022 24.6156 41.6800 17.8500 70.7606 73.7039 
55.2264 57.1500 51.6800 50.1800 49.2800 113.1000 72.1000 38.1600 54.6100 54.6100 55.7700 105.8300 34.5200 85.1100 60.9200 56.7600 47.6200 45.9600 13.2500 48.7300 53.1800 34.9400 63.5900 19.7700 56.2700 54.8400 58.3400 62.7800 21.0600 58.1800 52.4200 75.2700 56.8400 70.5500 76.5900 0.0000 88.3062 75.2605 97.0315 45.7976 82.8476 113.2084 66.2126 57.1026 85.5084 43.6184 53.4928 40.2620 78.2364 68.4580 16.7280 
34.3597 34.6100 37.3500 48.2200 38.7800 31.6700 21.6500 70.7200 44.4100 55.6000 32.5500 22.2300 53.2800 44.2300 31.2200 41.9300 44.9800 42.3700 80.1000 38.7200 44.0400 53.6300 28.3600 68.0600 33.7200 32.8100 30.2500 25.7000 86.7300 29.2500 35.0100 12.9100 40.9500 23.7000 13.5000 87.4300 0.0000 23.1280 54.3850 45.7437 20.3796 43.5390 41.1264 57.3740 27.6240 46.6497 35.9610 52.1500 18.5040 76.7152 81.4797 
21.7597 17.9900 23.4700 29.5600 31.8600 38.1400 3.0100 52.1700 25.2100 35.4700 27.8500 31.5400 40.7400 57.3300 14.1600 22.5900 28.3300 29.3000 70.3000 29.5600 25.3500 45.0100 11.4100 55.2400 31.3000 26.0800 17.6500 24.0100 78.9100 21.5900 25.9400 19.3000 21.7800 4.4900 22.8900 75.0000 20.6500 0.0000 55.3800 33.5300 9.3594 39.9905 22.4864 37.9626 12.2705 33.1652 29.2310 42.1497 9.3500 56.5852 68.8003 
55.7997 58.7100 56.7200 72.0300 47.7600 65.1300 53.4800 90.9800 70.0600 82.3200 42.6900 55.9500 64.8500 10.5500 57.1700 68.3700 65.8100 58.5300 80.5100 50.9500 68.7300 58.4300 55.4200 76.5000 39.6800 45.4700 51.6900 38.3100 82.2900 45.7700 49.2600 35.0900 67.2200 54.9400 31.4500 91.9400 38.2500 54.2400 0.0000 57.6710 55.6100 74.1497 71.7082 84.6503 61.9621 63.6356 48.0499 62.2030 49.3000 102.2106 93.8416 
14.6035 17.0600 10.2700 20.7100 9.4000 70.8000 30.2500 34.2600 22.1300 31.5900 14.8400 63.1000 8.8800 53.8900 20.1700 22.5400 13.4700 5.0700 37.0900 6.4900 20.0700 12.4200 22.2500 23.5400 17.4200 12.8000 15.7500 21.1500 45.7800 15.3600 9.6700 32.7600 21.8400 29.0400 34.5900 42.9900 44.5200 33.2500 57.1000 0.0000 41.5076 71.9296 33.1026 34.0826 44.2096 8.9830 11.2528 10.2548 35.8330 52.7052 40.8816 
27.8997 25.5900 30.3500 37.7300 36.5500 31.2900 10.4600 60.3700 33.4200 43.5800 31.5100 23.8900 47.5400 54.8300 21.7800 30.8000 36.1200 36.0700 76.5400 34.9800 33.5100 50.6200 18.8800 62.2600 34.2500 30.4300 23.7900 26.1800 84.5900 26.0200 31.1800 17.3200 29.9800 12.4200 20.3500 82.0200 13.7700 8.2100 50.3700 39.5200 0.0000 42.1344 29.9364 46.0726 14.4144 40.1897 33.5810 48.2897 9.2757 64.6952 75.0197 
59.3097 55.0700 61.0200 63.7600 68.6900 9.1300 40.6200 84.7400 59.0500 65.2100 63.6800 16.2600 78.2300 79.5100 51.3600 56.5400 64.6900 66.8600 107.9100 66.8900 59.9900 82.4800 48.8500 92.4900 66.2600 62.6000 55.2000 58.0600 116.4500 58.1600 63.1400 47.1500 56.1700 41.9100 49.0100 112.1700 36.1800 37.6200 71.9900 70.8600 32.1900 0.0000 50.1372 67.6872 27.9972 70.5852 65.7510 79.5830 40.9596 71.3666 106.3503 
20.9820 13.7000 20.1800 15.4300 33.5000 51.7000 16.7900 36.4700 10.8000 18.0800 32.8300 46.9900 34.0000 70.0800 12.8300 8.6100 18.4500 24.6800 63.6100 29.6300 12.1800 42.0300 13.6900 46.3800 37.0800 29.9000 19.8200 32.7700 73.7000 26.6100 27.4800 34.2000 8.6900 14.8500 37.8000 65.3500 38.3200 17.7600 68.8600 29.7400 25.6900 48.5500 0.0000 20.5726 30.0305 26.3260 31.4220 38.7384 27.1100 39.1952 58.9780 
30.9565 24.7700 27.9700 12.8300 40.9300 68.6500 34.3500 21.2300 13.4600 2.0600 42.9800 64.6800 32.9100 83.0900 26.5900 15.1500 20.1600 29.1100 58.3500 36.7000 15.0200 43.4100 28.8300 40.2400 47.0800 39.8500 31.8300 45.4600 69.4300 38.1800 36.3600 50.2300 16.2900 32.3100 53.6500 56.4700 56.0100 35.6900 83.4800 33.4500 43.7200 64.4300 18.0600 0.0000 40.0869 27.7784 40.4022 38.6520 45.0400 21.8280 45.8345 
32.2597 27.3700 33.4900 36.6500 42.5300 29.7000 13.6100 58.5600 31.9800 40.0100 38.4400 24.9800 50.5900 64.8000 23.7000 29.3800 37.0200 39.3100 80.4200 40.1600 32.6900 55.4900 21.3200 64.7800 41.7600 36.7400 28.1500 34.1600 89.3000 32.2500 36.5800 27.0100 28.8700 14.5200 30.2100 84.4500 23.0200 10.6700 60.3400 43.5300 10.0100 27.7200 22.1400 39.6900 0.0000 43.1952 39.8910 52.1930 15.9032 61.1252 78.8203 
13.5535 14.5200 9.2200 14.1300 15.7500 70.4100 29.4000 28.1600 16.2600 24.8100 20.1400 63.3400 8.9200 60.2000 18.2400 17.2000 7.2800 4.4600 38.9000 11.9800 14.2200 17.4100 20.8800 22.9500 23.3900 17.4900 16.2700 25.5000 48.6100 18.6100 13.7700 35.7300 16.7300 27.8400 38.0800 42.7100 46.4600 32.2900 62.8300 6.9100 39.4600 69.5900 25.2200 26.7100 41.8900 0.0000 16.7428 14.6620 36.5635 45.0965 37.9756 
12.5104 17.0500 11.7100 27.0000 3.9700 63.5000 25.0600 44.2800 26.5700 38.0400 4.0300 55.1500 19.5900 44.3500 18.3300 25.8800 19.9700 11.8800 45.0400 4.4100 24.7400 18.5900 19.0400 33.7200 7.5600 2.3000 11.4600 10.3900 52.2700 6.5600 3.3200 22.6900 24.8500 24.5400 24.1100 52.5900 35.1000 27.9700 46.7100 10.8900 32.5700 64.7200 30.6800 39.6100 38.6400 16.1300 0.0000 17.8400 29.4830 59.1552 49.8639 
21.4095 24.9800 18.3600 25.5900 14.3000 79.0200 38.5200 33.4600 28.1100 35.5900 20.7300 71.2200 5.2200 56.3200 28.2900 29.0800 19.1400 12.6800 28.8300 13.4300 26.0900 5.8300 30.4700 16.5100 22.0200 19.5500 24.0100 27.6400 37.5900 22.9100 17.1700 39.9700 28.5600 37.3000 41.4200 35.3100 52.1500 41.5200 60.8500 8.2700 47.7300 79.1400 36.9200 37.5900 51.7700 11.8800 17.3200 0.0000 43.3330 56.7052 33.8516 
23.1397 22.2500 25.9700 35.5200 30.7100 36.7500 8.8900 58.1200 31.6000 42.7500 25.4200 28.6600 42.8200 49.6900 18.6600 29.1000 32.7900 31.4600 71.2500 29.4900 31.3100 45.0800 15.7500 57.6400 28.0200 24.5500 19.0300 19.8900 78.9700 20.2400 25.6500 11.6400 28.1400 10.9000 15.0000 77.3300 12.8500 8.5000 46.0300 34.4600 6.3100 38.2800 25.6700 43.1900 15.4400 35.1900 26.7500 42.5600 0.0000 62.5860 70.2597 
48.3765 42.3100 46.0800 31.0000 59.1100 76.6800 49.1400 29.5700 31.3300 19.9200 61.0500 74.7300 50.0100 100.8500 43.5100 32.5700 38.3200 47.2600 72.2600 54.8900 33.0500 60.7900 45.3200 54.6300 65.1900 57.9100 49.4200 63.1100 83.5800 55.9800 54.4900 66.5000 33.7100 47.2500 70.0600 67.7300 70.3500 49.7100 100.6800 51.4800 57.0300 70.6600 32.4300 18.1900 50.5700 44.6500 57.7600 54.9600 57.9500 0.0000 58.7568 
48.3435 48.1000 44.0100 38.2000 46.0500 103.8900 63.3200 22.2800 42.8900 40.3600 52.2500 97.5000 28.8800 87.4100 51.9200 45.3400 37.6700 38.9700 25.1600 44.1300 41.8600 34.3700 54.8100 16.3600 53.9700 50.4700 51.1000 58.8100 35.6700 52.8100 47.2800 70.2200 45.6800 61.5100 72.2400 16.4000 81.3000 66.0000 92.6600 37.6900 73.6900 101.8500 53.6200 42.0500 74.4100 34.8400 48.4600 32.0000 69.8800 51.7300 0.0000 
~
Delivery quantities;
7.24	81.34	92.98	81.39	42.73	55.54	37.24	17.62	24.17	95.37	64.02	24.26	79.03	88.94	46.41	73.61	59.02	39.48	83.02	58.67	21.88	11.64	22.36	10.48	95.23	64.60	20.08	57.88	22.99	91.68	2.63	87.49	84.87	66.33	71.46	95.29	92.73	71.39	74.59	37.68	90.99	44.16	23.12	75.66	89.32	51.36	69.23	17.86	47.84	13.88
~
Pick-up quantities;
10.22	67.29	74.09	90.11	51.62	42.97	49.00	25.59	31.03	139.71	33.98	29.11	100.32	119.04	56.29	97.16	31.49	36.02	109.76	67.53	13.67	6.26	13.94	6.15	106.25	50.30	24.83	74.72	32.28	103.22	3.41	81.21	63.65	74.47	55.98	90.43	104.99	102.42	72.60	31.33	105.90	38.33	15.61	45.47	76.65	42.97	59.45	11.96	59.30	10.97
~
Vehicle capacity; 
926.26 926.26 926.26 926.26 ~

