Cost matrix;
0 6.6800 49.8600 16.4100 53.6700 10.6300 28.6200 47.7300 20.0500 9.0100 15.6300 6.9900 53.1600 2.9100 20.9100 8.1400 40.3000 12.6200 19.1800 15.7600 18.4900 1.1600 36.7800 4.0200 23.8700 7.8800 12.2600 13.5200 40.8700 16.9500 13.2100 9.0400 57.2600 15.1600 11.1900 15.8300 62.8100 37.6600 15.5600 13.5500 10.4100 16.6300 19.9600 28.7600 34.4100 14.9600 25.1500 14.3200 7.2800 29.4000 50.2700 
7.3480 0.0000 48.0400 20.3500 61.0092 17.3092 23.6457 53.0900 14.0857 12.8470 22.4792 13.7092 58.4100 10.2292 27.3100 15.4880 47.4200 6.6357 25.5900 12.0179 25.1000 7.8192 33.7435 9.2354 21.6800 5.2800 18.6600 10.2879 38.2479 24.2980 12.0900 14.1979 64.6080 15.5211 13.2840 10.3635 66.3179 33.7779 12.2579 20.8980 17.7580 15.7090 15.9852 30.4779 41.7580 22.3080 22.2117 15.3010 3.3579 36.7480 57.6180 
55.3880 48.0400 0.0000 45.6710 91.5901 65.3492 36.0701 54.8392 46.2601 58.1900 67.9172 60.1900 49.4092 58.2692 68.8170 56.3010 77.9401 43.4100 70.6681 44.3460 69.4110 55.8592 61.7901 56.7010 36.6101 51.7748 64.3940 46.1248 19.5201 71.5872 60.0470 51.9810 97.6500 62.6078 60.6431 47.1378 51.9480 39.4411 44.0848 65.7072 65.7980 61.5890 52.2388 31.9410 83.5621 68.3592 57.2341 63.3410 51.3979 67.9290 101.2284 
19.6098 19.5200 38.1300 0.0000 57.0088 25.1068 34.1900 35.0318 27.4990 26.5108 26.6768 24.7568 39.5824 18.2168 29.6136 11.5668 47.5288 24.3744 28.5636 21.8790 26.2036 18.9108 49.5944 13.7808 23.2000 18.9640 25.1880 19.3344 42.8571 31.4140 31.0392 10.0640 64.5988 32.6586 28.9639 28.1022 47.3382 44.7005 22.0884 27.1188 24.8640 35.0284 31.4550 17.4371 44.5076 25.2555 37.9192 32.8164 20.2420 26.5188 65.7163 
56.6075 60.3600 85.0000 51.3300 0.0000 48.1900 84.0057 58.7392 74.4457 57.7900 41.6893 53.4800 60.3375 53.3293 35.2793 52.2985 17.6085 66.9957 37.1304 71.5716 39.1667 55.9380 90.2200 58.8680 74.5300 63.4516 44.4780 69.6101 91.8827 46.8744 64.1800 58.4923 11.0531 64.8600 58.5000 70.7235 82.4938 93.9004 72.1675 43.6039 47.5600 65.8956 76.3452 67.4927 26.4291 42.8240 81.7575 59.1456 63.7179 37.5027 57.2271 
11.3913 15.5700 60.1000 24.2000 47.9700 0.0000 39.2157 51.8853 29.6557 10.8900 7.2653 6.5780 57.2653 9.1553 13.6053 13.8353 34.7253 22.2057 12.0553 26.6653 12.5353 10.1153 43.0878 14.6853 35.0553 19.0653 6.8553 24.6553 52.0953 7.3753 17.0940 18.1353 50.4853 17.2278 11.7653 25.7553 69.4653 48.2653 26.6953 5.9953 0.8253 19.4076 31.3513 38.5761 28.1873 8.6473 36.5413 14.0124 18.6713 31.8268 42.6945 
30.8180 23.4700 31.2800 28.4500 78.9800 38.8600 0.0000 57.4193 14.6590 34.2285 45.9492 36.8185 62.0893 33.6992 50.7800 36.3093 69.7093 20.8885 49.0600 17.7141 48.5700 31.2892 35.6505 31.9289 11.7593 26.1589 42.1300 20.8731 21.6805 46.2353 29.1108 33.1431 88.0780 32.6294 35.5385 17.4685 64.9512 10.5105 18.8331 44.3680 39.6853 33.9924 17.5160 28.3712 64.9584 45.7780 24.6575 38.4015 26.3520 54.9688 81.0880 
52.3498 52.0600 46.5300 32.7400 45.8900 51.6900 56.6300 0.0000 60.2390 59.2508 51.5206 57.4968 6.2988 50.9568 48.1775 44.3068 47.4175 56.0024 47.7006 54.6190 45.3406 51.6508 82.3344 46.5208 55.9400 49.7224 49.2475 52.0744 61.8628 56.1675 63.7792 42.8040 56.9431 65.3986 61.7039 59.7302 23.7546 67.1405 54.8284 51.0275 52.5153 67.7684 64.1950 39.5434 51.5575 49.3575 70.6592 61.1200 52.9820 26.4075 82.3555 
21.2880 13.9400 40.2800 25.4700 72.9200 29.4900 10.7000 57.0900 0.0000 21.7632 35.9732 24.3532 63.1227 23.7432 41.2500 26.8078 61.0032 8.4232 39.5300 6.6878 39.0400 21.5632 24.5987 20.1832 14.6046 14.6832 32.6000 10.4427 28.6118 36.2232 18.4232 22.7127 78.0932 20.4732 22.9876 5.0032 67.8027 21.2105 8.4027 34.4638 30.3153 22.7590 5.9787 34.1893 55.6980 36.2480 13.1202 27.1996 15.9032 47.6829 70.1098 
9.3704 8.8600 56.8100 25.4000 57.7200 9.9000 31.7300 56.5200 21.4700 0.0000 16.9769 6.0720 62.5304 11.3000 23.3169 17.5104 44.4369 15.4957 21.7669 20.8779 22.2469 9.1797 34.5831 13.3904 30.5400 14.1400 16.5669 19.1479 47.1079 17.0869 8.6531 18.4104 60.1969 8.8531 2.4531 19.2235 72.1804 42.2405 21.1179 15.7069 10.5369 8.5176 24.1542 38.1304 37.8989 18.3589 31.0717 6.3056 12.2179 38.7704 52.4061 
16.7469 21.5400 63.0100 25.4900 41.3300 6.7500 44.2500 49.1300 35.4400 16.6400 0.0000 12.5970 54.4984 13.6809 8.5684 15.8109 29.3084 28.1757 6.8684 32.1543 7.0684 15.4709 49.5508 18.9909 38.6900 24.1909 5.3409 29.8409 56.4209 5.8437 23.5108 21.0609 45.4184 23.9778 17.8308 30.9700 68.2084 53.9143 31.8609 2.8509 6.8908 25.1576 36.6743 39.2200 22.0984 2.5584 41.8969 20.0779 23.4943 25.7379 41.1629 
6.9900 10.2400 56.7000 22.9500 53.1900 5.7200 33.7000 52.9600 24.0100 4.6000 12.3500 0.0000 59.2588 8.4455 18.9960 14.1133 40.0179 16.8757 17.4460 21.2466 17.6979 7.7748 39.1831 11.0100 30.8600 14.8700 11.2579 20.5100 47.8600 12.7660 13.2531 16.0300 55.8760 13.4531 7.0531 20.6035 69.8000 44.0179 22.4979 11.3860 6.2160 13.1176 26.2252 35.7500 33.5138 13.9738 32.1400 10.9056 13.5979 35.9307 48.0852 
55.2864 57.4300 48.9200 38.0600 48.2700 57.0700 61.2400 5.4300 62.1500 61.9500 54.3800 58.3900 0.0000 56.2768 53.6075 49.6268 52.8475 61.4324 52.4688 59.9390 50.7706 56.4464 86.7487 51.8408 57.2580 55.1524 54.6775 57.3944 66.2080 59.9388 68.4964 48.1240 59.3231 70.4464 64.4031 65.1602 25.2416 71.7505 60.1484 55.0188 57.8953 70.4676 68.1287 40.7880 56.9875 52.9788 75.2702 66.5500 57.7096 31.8375 87.7855 
3.9867 9.5500 51.4400 16.3700 50.8200 8.6700 31.3200 46.5600 22.9300 10.0000 12.9600 6.6500 51.9900 0.0000 19.8550 7.1820 41.3060 16.1857 18.8660 19.6810 19.0198 3.2294 40.7667 7.8952 27.8567 11.5610 13.8033 17.5067 44.8567 16.0453 16.5026 13.0267 57.4160 18.8531 12.4531 19.8167 63.7082 41.6467 19.5467 12.9960 9.4953 18.5176 23.9467 32.7467 34.0960 14.5560 29.1367 16.3056 11.2667 31.9070 51.3645 
21.3282 27.2400 65.5400 27.4300 34.9300 13.1300 49.2000 46.6300 40.9500 23.0000 6.4100 18.6100 51.6800 18.0500 0.0000 18.4511 24.5611 33.6411 1.8511 37.0882 3.8874 20.9446 55.9608 24.4646 43.6349 29.2082 10.4562 34.8482 60.4949 11.5951 29.9208 24.6449 38.7240 30.3578 24.2408 37.0064 69.2385 58.6211 36.8882 8.3246 13.3008 30.9515 41.2882 43.3996 14.8940 7.6696 46.4782 26.4879 28.6082 22.8585 41.8719 
8.2214 14.0300 47.9100 10.7100 47.5900 13.5400 31.9600 39.9100 25.3500 16.6200 15.1100 13.1900 45.3400 6.6500 18.2000 0.0000 40.4387 18.8464 17.9987 20.6864 18.1987 9.3814 45.0014 8.0444 25.1838 12.5664 14.8820 18.6084 42.0438 20.6487 21.4314 6.1938 56.5487 23.3814 18.6400 22.5742 58.0482 42.4705 21.3624 15.5520 14.3653 24.8514 28.1814 26.6346 33.0940 13.6887 33.3714 22.5414 15.5014 24.7250 54.1495 
41.4067 46.9700 75.6700 39.7800 13.6500 34.3100 66.5000 42.3900 59.8500 44.0700 27.6800 39.5500 46.0800 37.4200 21.2900 34.6900 0.0000 53.5364 23.1411 55.3278 22.8072 40.6494 76.8990 42.7344 59.8738 47.2564 29.3760 53.2984 76.7338 32.8851 50.8590 40.8838 24.7031 51.5378 45.1790 57.2367 66.1446 77.0105 56.0524 29.6146 34.2390 52.2415 61.3667 56.5040 16.0684 28.9596 66.5567 47.4261 48.6867 27.5231 46.8664 
13.9180 6.5700 43.4100 20.7200 65.8500 22.1400 17.0100 53.3300 7.4500 14.7800 28.0000 16.7800 58.5700 15.5200 33.5100 18.4800 52.6500 0.0000 32.1600 6.6990 31.6700 14.3892 27.1078 14.6950 16.4636 9.2944 25.2300 7.3080 32.4036 29.5153 16.6370 17.0856 71.1780 19.1978 17.2331 3.7278 65.7336 27.5205 6.3336 27.4680 22.9653 18.1790 9.3495 32.1202 48.3280 28.8780 15.5760 21.0856 8.0850 39.8849 64.1880 
19.7554 25.5200 64.1100 26.0400 36.3600 11.6100 47.4800 46.3200 39.2300 21.4500 5.0100 17.0100 51.4400 16.3200 1.7300 16.6000 22.7100 31.7900 0.0000 35.5154 2.4544 19.5494 54.5608 23.0285 41.7838 27.6354 8.6485 33.2754 58.6438 9.7440 28.5208 22.7938 40.4540 28.7850 22.8408 35.5178 67.4832 56.7700 35.3154 7.8585 11.9008 29.9676 39.7154 41.5485 16.6240 5.8185 44.9054 25.0879 27.0354 24.5885 43.6019 
16.3904 10.6400 38.9000 19.8900 67.7100 25.9300 12.9300 51.7800 5.6200 19.2400 31.3900 20.8300 56.9000 18.5300 36.5400 20.1200 54.7800 4.6200 34.8100 0.0000 34.2148 17.4048 28.1960 14.2148 13.3780 8.4448 28.6504 4.1040 29.3180 33.2348 20.5969 17.5580 73.6504 22.6469 21.6931 7.1769 62.6480 23.4405 3.2480 29.9404 26.6848 22.7990 9.5760 29.0346 50.8004 31.3504 16.4592 24.3100 11.5178 42.5282 66.6604 
19.1966 25.0200 62.1500 24.0400 35.9900 12.1900 46.4000 44.0200 38.5000 21.7600 6.1800 17.2000 49.1600 15.5900 3.4100 15.0100 22.3600 31.1000 2.3600 33.8900 0.0000 18.0288 54.1288 20.9588 40.1938 26.3988 6.5688 32.5573 56.9943 12.0237 28.4471 21.2038 42.1340 29.1271 22.7671 34.6632 67.7746 56.8566 34.7566 8.7599 11.8271 30.2776 38.8282 41.4771 18.3040 6.7199 44.3466 25.0142 26.4766 26.2685 42.5646 
1.2760 7.2400 51.0200 17.3000 53.1900 9.4900 29.6300 48.3000 20.8700 8.2700 14.6600 5.8900 53.7300 2.4100 20.0900 8.5000 39.7600 13.4300 18.3700 16.7400 17.7800 0.0000 38.0560 5.2960 25.1460 9.1560 12.3768 14.7960 42.1460 16.8653 14.4860 10.3160 58.5360 16.4360 10.7231 17.1060 64.0860 38.9360 16.8360 14.8260 10.3153 16.7876 21.2360 30.0360 34.9840 16.2360 26.4260 14.5756 8.5560 30.6760 51.5460 
37.6180 30.2700 57.9000 47.1200 89.9200 42.3400 27.1300 79.3200 22.3500 32.4400 49.0800 36.8400 84.4300 39.4600 55.4300 44.2400 76.3200 26.5500 53.8500 27.5400 53.9600 37.0500 0.0000 38.5503 36.9546 33.5558 48.0979 31.0458 47.7758 49.5269 29.9258 42.4458 92.6369 29.2218 34.8931 24.1258 89.6058 32.9334 30.3042 48.1469 42.9769 31.7490 19.3858 53.1458 70.3240 50.7989 13.1758 36.8170 31.9403 66.4349 84.8461 
5.8290 7.5700 46.0100 12.7600 54.1300 14.1700 26.2900 44.7800 18.8100 12.7300 18.3200 11.0000 50.1900 5.5600 22.9200 6.7600 41.0400 11.7700 21.2100 13.8400 20.1200 5.1300 37.5600 0.0000 23.7336 7.6741 17.4119 13.5036 39.9878 21.5453 17.2584 6.7250 61.6440 20.7770 15.1831 15.1800 60.0982 36.5978 13.9178 18.5560 14.9953 21.2476 21.1195 27.1658 37.8140 20.1160 26.9903 19.0356 8.1303 31.4850 56.0990 
26.0183 20.9700 27.2400 18.5600 69.8400 34.4800 10.9900 45.6600 14.4600 29.8200 38.6900 30.3000 50.3300 26.0000 42.6800 24.5500 57.9500 16.2000 41.0300 11.7800 39.5500 25.0200 35.8900 20.4600 0.0000 17.9140 37.3968 12.2640 24.4387 41.8553 29.4474 22.9779 80.8931 31.7978 32.2731 17.9878 55.1942 21.5005 10.7378 38.9960 35.3053 34.3250 20.4387 24.0462 57.5740 38.2387 27.5802 36.0900 19.6791 45.0788 76.2883 
10.2360 5.2800 43.1300 15.0700 59.8600 18.4200 20.8100 47.8100 13.0600 13.7200 23.4600 13.9100 53.1300 10.5100 28.4500 12.3200 46.8100 6.2800 26.7300 8.1200 25.7700 8.9600 32.7100 5.7700 16.4000 0.0000 21.3368 6.1585 34.9825 24.7900 15.2492 9.7900 67.1740 17.6592 16.1731 10.0078 61.5570 31.3205 8.9125 23.4100 18.2400 19.6792 15.6295 30.2308 43.3440 25.0660 21.8560 20.0256 3.3792 34.8705 60.1092 
12.6278 18.6600 58.5400 20.9900 42.3600 6.6200 40.6100 45.7600 32.3000 15.5300 4.5100 10.9300 51.0900 9.3900 8.6500 10.6300 28.7600 24.8700 6.9300 27.9000 6.4400 11.4600 47.5600 14.3900 34.5300 19.8300 0.0000 25.9885 52.6738 9.0174 23.7140 16.8238 46.9918 23.8478 17.9831 28.4578 68.3282 50.2878 28.1878 3.1374 7.4453 24.0476 32.2594 37.2646 23.5440 4.1318 37.7778 20.6324 19.9078 27.3113 44.3366 
15.5480 9.3800 38.8900 16.9600 64.7700 23.9800 15.1800 49.1200 8.6400 18.2400 29.1100 19.2000 54.2900 16.1600 34.0300 17.2300 51.9200 5.0400 32.3100 3.0400 31.2800 14.5800 30.2600 11.1600 11.6800 5.6500 25.4400 0.0000 28.8240 30.3800 19.2851 15.4400 71.8351 21.2544 20.6931 8.7678 60.8430 25.4340 2.7540 28.1951 23.8900 23.2190 12.6160 26.5880 48.9240 29.5718 18.5848 24.3951 7.4151 39.6863 65.6992 
43.1083 37.3100 15.8700 33.9200 84.7900 51.5000 16.5500 53.3300 26.7400 46.1200 55.7700 47.0900 56.9600 43.0800 59.6200 41.4300 73.6800 31.5700 58.0000 26.9700 56.4300 42.0100 42.2700 37.5500 17.0900 33.2100 51.5800 27.9700 0.0000 58.0000 45.1632 36.5670 95.8431 47.2132 48.5731 31.7432 59.3137 19.9210 27.8278 54.7174 51.4500 49.4990 32.7187 33.0460 73.3992 55.1187 37.7140 51.2800 35.3851 59.2742 93.3192 
17.1160 21.9600 65.8800 28.9900 44.0800 6.4200 45.2800 53.6400 35.8500 15.4400 4.5300 11.8800 58.9000 14.7100 9.5900 18.3400 30.5500 28.5300 8.7000 32.3500 10.4200 15.8400 47.5000 20.2700 40.7100 24.7900 8.3400 30.3800 57.7700 0.0000 23.5140 24.5338 48.3140 23.6478 17.8931 32.1753 72.7384 54.6853 32.6760 6.9972 7.2453 23.2715 37.0760 43.7500 24.4840 7.0884 42.2660 20.4324 24.3960 30.2679 35.3192 
14.1960 9.3000 56.1000 28.5600 64.1000 16.2800 28.5400 60.7400 17.8700 6.3900 23.0200 10.9200 66.1500 15.1400 29.3900 21.3400 50.4600 12.7000 27.8400 17.2900 28.1200 12.9200 26.0800 15.9800 28.8700 14.5100 21.8400 17.3200 44.0400 21.5500 0.0000 22.7050 66.5869 3.5186 8.8431 13.6884 75.0674 39.0505 18.7400 22.0969 16.9269 4.8816 20.8255 39.2274 44.2840 24.7489 24.2875 9.2907 12.1074 43.5960 56.8692 
9.5824 12.5200 42.6800 7.4000 52.2600 17.7500 26.8300 39.5500 21.2400 18.0000 20.4000 15.7500 44.9400 9.3600 23.7700 5.5800 39.6700 15.1200 22.1700 15.7300 20.5900 9.9700 41.6100 5.3800 18.9900 8.9000 15.9900 12.7100 35.8500 23.2300 21.3000 0.0000 62.1287 24.7424 20.4531 18.8478 54.7382 37.3405 15.4640 19.1274 18.5753 26.1816 24.4695 20.4408 38.6640 19.2687 30.6960 23.9024 12.2792 26.9390 58.5492 
57.8678 63.8400 93.0000 57.6200 10.3300 49.9600 84.1800 55.7900 77.1300 59.8600 43.2200 55.5400 58.4000 54.3600 36.9400 52.2600 17.8500 69.8100 38.5800 72.2300 38.8300 56.6000 92.2900 58.4000 75.7800 64.1700 45.2400 69.4300 91.5000 45.0500 66.2200 57.3800 0.0000 67.1878 61.0508 73.4932 79.5446 94.6905 72.1840 45.2646 50.1108 67.0640 77.4994 72.7172 26.9279 44.3985 83.0178 63.2979 65.1478 45.3731 49.0114 
16.0360 11.6700 58.4100 30.8100 64.8500 16.8900 30.4700 62.8400 19.7700 7.3500 23.5800 11.9400 68.2600 16.8600 29.9900 23.2500 51.2000 15.0000 28.5000 19.5500 28.9700 14.7600 25.8600 18.1500 31.1900 16.9000 22.8400 19.6800 46.1600 21.6600 2.4100 23.5100 66.6100 0.0000 9.0240 16.0984 77.4774 40.9805 21.1500 22.4700 17.7153 2.5272 23.1855 41.6374 43.4952 25.1220 23.1264 7.5952 14.5174 45.4360 56.9792 
11.5804 10.8000 58.8300 27.5900 58.4700 10.5100 33.1900 58.5500 22.7600 2.2100 17.1800 5.9800 63.9800 12.0000 23.5900 18.6400 44.8200 16.3900 22.1100 20.9400 22.6400 10.4000 32.1300 14.9400 31.7600 15.8000 16.6200 20.1200 47.8800 15.3900 6.2000 20.2000 60.2400 6.4000 0.0000 19.8884 74.3904 43.7005 22.7236 16.5053 11.3353 8.2533 25.7395 40.3404 36.8044 19.1573 29.1720 4.2120 14.1579 38.7335 50.7092 
16.7780 9.4300 43.4700 23.7500 69.2300 24.8900 15.1900 56.1600 4.7200 16.7600 30.9700 19.3500 61.3600 18.7400 36.6400 21.9000 56.0000 3.4200 34.9200 5.0900 34.3200 16.5600 23.3800 15.1800 16.6300 9.6800 28.0300 7.1200 30.7100 31.2200 13.4200 18.4600 73.0900 15.4700 18.0700 0.0000 67.7380 25.7005 8.3380 30.3280 25.5660 17.7558 7.1371 33.7080 51.1880 31.7380 12.8115 22.2820 10.9000 43.3049 65.1066 
63.3924 65.3900 39.9600 46.4100 67.9100 69.2400 61.8500 22.4100 66.0000 71.8100 68.1000 69.1100 19.7200 62.4700 66.7700 56.0800 64.7500 64.5500 66.1600 61.6300 63.8000 63.6500 87.9500 59.1500 52.0700 60.3500 64.1600 59.6500 52.4900 72.4400 74.6500 53.8100 77.9700 76.9800 74.0000 66.6200 0.0000 72.3605 60.8632 67.2974 70.0653 79.5072 71.2060 38.0432 73.9675 68.2918 78.0892 77.7124 63.7292 48.8175 104.7655 
38.3504 31.8800 33.9700 38.4400 88.9300 47.4500 10.0100 65.6500 18.0100 39.3800 53.2400 42.0100 70.0400 40.4700 58.5000 41.7000 76.3400 25.3200 56.7700 21.9600 55.8400 38.5800 25.1400 35.7400 20.5300 30.0700 49.8500 24.5900 18.1100 53.8300 35.1100 36.7100 93.9600 36.6400 40.5100 22.7000 68.8300 0.0000 25.2080 51.9004 48.2260 39.1672 23.9887 38.3812 72.7604 53.3104 29.6582 44.2352 32.0051 63.6490 87.8066 
17.5880 11.2400 37.3600 17.9300 66.5100 26.0100 13.1700 49.6200 7.5700 20.0600 31.1400 21.1900 54.7200 18.1900 36.0300 19.0500 53.7400 6.0900 34.3100 2.2400 33.2500 16.6100 29.7100 13.1300 10.1300 7.6900 27.4500 2.0400 26.0700 32.4100 18.7400 14.3100 71.2900 21.0600 21.8900 7.2500 59.4000 22.6800 0.0000 29.3001 25.9300 23.5872 11.8160 25.7866 50.9240 31.5818 18.6992 26.1020 9.4551 39.2802 67.7292 
13.8960 19.6200 60.8400 23.4300 42.4000 5.6300 42.1400 47.9800 33.4600 15.3300 2.2100 10.8700 53.2800 10.8300 7.7800 12.9600 28.7500 26.0100 6.1500 29.3100 6.5600 12.6200 47.7000 16.1400 36.4900 21.3400 2.4900 26.9900 53.5700 5.8800 21.7200 18.2100 44.7100 22.4700 16.1100 29.0500 66.5800 51.2000 29.0100 0.0000 5.8938 23.8476 33.8560 38.6508 22.1920 2.6520 39.0460 19.0809 21.1760 25.8315 41.1992 
10.5660 15.5700 59.7400 23.6800 47.5500 0.6300 38.7700 51.0600 29.5000 10.2300 6.4400 5.9200 56.4400 8.3300 12.7800 13.0100 33.9000 22.1200 11.2300 25.8400 11.7100 9.2900 42.6600 13.8600 34.2300 18.2400 6.0300 23.8300 51.2700 6.5500 16.6200 17.3100 49.6600 17.3000 10.9400 24.9300 68.6400 47.4400 25.8700 5.1700 0.0000 18.7476 30.5260 37.7508 27.3620 7.8220 35.7160 13.1871 17.8460 31.0015 41.8692 
17.3860 13.6600 60.5600 32.5600 64.9800 17.0900 32.5200 64.3700 21.8200 8.1900 23.6500 12.6200 69.7900 18.0800 30.0500 24.6000 51.3300 17.1500 28.6300 21.7000 29.2700 16.1100 26.4900 19.8400 33.3400 18.9200 23.3200 21.8300 48.2800 21.3500 4.5200 25.2100 66.4000 2.1600 6.7100 17.5800 78.8300 38.4800 23.2100 22.7300 17.5600 0.0000 22.1836 43.7474 42.9957 25.2654 23.3331 9.6525 16.6274 45.3490 55.3335 
20.6680 13.3200 45.3400 28.5000 73.5900 28.1700 15.1000 60.7900 5.1100 19.1700 34.5500 22.4800 65.9500 22.8600 40.4500 26.5000 60.2600 8.1300 38.7500 9.1200 38.3200 20.5600 18.6200 19.7500 19.4800 14.4100 31.9400 11.6700 31.5100 34.3200 14.4400 23.2400 77.1500 15.9900 20.0500 4.7900 70.6200 20.6700 11.3500 32.7400 28.2900 17.8900 0.0000 37.1366 54.9320 35.3920 7.1415 23.5852 15.6900 48.0149 69.6392 
29.6224 29.7300 25.3500 13.7300 60.4200 37.6700 27.2800 29.5100 29.5700 37.3000 39.2200 35.6800 33.9900 29.4000 40.8800 24.3600 50.4500 28.0800 39.5700 25.0500 37.4700 29.8100 51.8000 24.7600 16.4700 24.4800 34.7200 23.1200 25.4200 42.6900 38.9900 20.0400 67.9600 41.3900 39.5000 30.0500 36.5800 36.1400 22.8200 37.1700 37.1900 43.3800 34.0700 0.0000 51.6211 38.0487 40.7694 43.6056 27.8592 35.9880 78.0092 
34.7778 40.7700 76.3700 38.5700 23.8100 26.2600 62.4600 49.5600 54.4500 36.1300 19.5700 31.9200 53.9200 31.5300 13.5400 30.8100 11.5600 47.0200 15.2500 49.9400 16.0600 33.6100 68.5300 36.1800 55.3000 41.8200 22.1500 47.3400 71.9600 21.2200 42.4600 36.3200 23.8300 42.7900 36.4400 50.1700 71.3900 71.8900 49.3100 21.2400 26.0000 42.5700 53.9700 51.1100 0.0000 21.0685 59.9278 38.4130 42.0578 31.6890 30.7980 
15.3860 21.2300 61.1800 23.4200 40.4000 7.6700 43.4100 46.6800 34.9800 17.3300 2.4600 12.8200 51.9400 12.1300 6.0100 13.2900 26.7500 27.5300 4.3100 30.6600 4.5100 14.1100 49.6500 17.2100 37.3400 22.6100 2.8300 28.2300 54.3900 6.9600 23.7100 18.7300 42.8600 24.5000 18.1500 30.6400 65.6500 52.6000 30.2500 2.0400 7.2100 24.7700 34.4400 37.1400 19.5400 0.0000 40.5360 20.3971 22.6660 23.1795 40.4608 
25.8280 18.4800 49.3100 34.6900 78.7700 32.1900 18.1200 66.9800 10.4300 22.5600 38.8100 26.4900 72.1300 27.9700 44.9500 32.2100 65.3000 14.1600 43.2900 15.2400 43.1000 25.5800 12.4300 25.4600 24.7400 20.3800 36.6700 17.8700 34.6000 37.9900 16.7500 29.2700 81.8600 17.5200 22.8900 10.9500 76.4300 20.7400 17.4600 37.1800 32.4100 18.9700 6.2100 39.9700 58.3800 39.0000 0.0000 25.1152 21.8379 54.0449 73.3092 
14.6960 14.3000 62.3300 30.7100 58.5600 11.1200 36.3800 61.1200 25.8300 5.6300 17.3300 8.1600 66.5500 14.7000 23.6600 21.3100 44.9400 19.7300 22.3300 24.3100 23.2100 13.4200 33.2100 18.1900 35.2500 19.3100 17.6700 23.5900 51.2800 14.6800 8.3700 23.3600 59.7300 7.5200 3.5100 21.2000 77.0600 43.3800 25.3400 16.6800 11.6700 6.7500 22.7600 42.8700 35.9000 18.7100 24.9600 0.0000 17.6579 41.8895 49.9992 
9.4360 2.7300 45.3600 17.4500 60.5100 17.2600 21.5900 50.1500 12.7800 11.4700 22.8100 12.2900 55.4900 10.1500 28.1800 13.3600 47.2800 5.3900 26.4600 8.6600 25.7300 8.1600 31.0100 6.6100 18.3700 2.6400 19.5300 6.9300 34.8900 23.6900 11.8700 10.8400 64.4200 14.2800 13.4700 8.7200 62.9600 30.4200 8.9000 20.7800 17.1800 16.3000 13.1800 27.1200 41.6800 22.2300 18.8600 16.9800 0.0000 37.4544 59.0092 
29.7214 35.5200 54.9200 21.5600 30.4900 29.3800 49.9500 25.1500 45.6900 36.7100 25.2700 32.3700 30.0300 27.1600 21.7700 21.5000 21.0100 39.4900 21.7000 40.1300 19.5400 29.4600 65.6800 28.1200 40.0600 33.2100 22.8400 37.0900 54.3800 29.7600 42.2900 24.4900 38.0800 43.9100 38.3500 42.8800 46.3800 59.9600 38.5100 24.6200 28.7600 44.9000 47.6200 29.9900 25.1500 22.9500 53.5100 40.1000 34.6800 0.0000 55.9480 
50.4360 54.9400 98.2800 60.3000 42.0600 39.6900 78.4000 75.6500 68.5400 47.1500 35.4300 44.7000 80.0100 47.9600 32.9700 50.4100 35.3100 61.4600 34.2800 65.5100 36.3800 49.1600 75.5900 53.5000 73.9600 58.1100 39.8200 63.6700 91.0400 33.3200 52.0700 55.8100 35.2600 51.1500 46.1900 63.8300 97.3600 86.5100 65.6900 37.6300 39.8700 49.8500 66.2300 73.8400 26.1000 37.1200 68.6700 43.7400 56.8900 50.9800 0.0000 
~
Delivery quantities;
26.56	37.46	49.89	22.01	14.87	56.90	96.47	56.76	75.83	58.69	30.20	86.85	14.13	99.10	8.60	65.82	68.97	68.81	45.53	53.29	55.54	12.96	74.19	13.59	7.99	51.68	54.85	8.10	70.97	25.38	54.79	82.25	80.48	37.07	69.68	46.53	1.94	41.86	94.25	97.18	74.18	5.61	62.74	80.99	56.42	65.60	77.56	31.74	19.33	71.27
~
Pick-up quantities;
38.96	36.99	27.85	14.81	16.21	54.95	50.57	72.61	99.41	50.03	41.48	109.69	7.38	73.53	9.92	85.05	69.59	59.77	57.20	45.85	48.35	17.93	109.74	16.72	11.25	26.12	65.28	6.29	104.36	13.31	47.42	109.53	94.68	22.61	75.79	30.35	1.57	23.55	82.37	63.11	97.49	4.39	47.29	69.95	49.76	63.04	41.06	16.62	23.24	90.11
~
Vehicle capacity; 
854.49 854.49 854.49 854.49 ~

