Cost matrix;
0 12.7900 3.3900 21.9100 5.9800 21.2000 6.1200 55.9900 14.1600 15.5400 20.7900 42.9000 55.8300 17.9500 30.0800 41.1400 67.6100 13.7800 19.0800 49.3800 34.4800 18.9500 45.3100 14.5200 25.0300 9.5800 57.5000 4.2800 16.7500 41.7200 27.6800 54.0700 8.2100 18.4300 15.3900 5.0600 13.9700 18.2300 7.3300 15.3900 38.8600 50.6200 49.7300 9.5900 14.4800 13.4900 58.9300 52.8200 8.4300 16.6700 30.1200 
14.0690 0.0000 16.1400 15.0272 13.4200 32.3452 18.7852 47.4108 28.2028 15.0655 17.1452 52.0652 67.7647 11.8976 31.4280 49.9600 68.8830 24.7147 29.2352 39.0708 24.0108 14.7852 59.2028 16.3652 39.0432 16.3900 48.3400 18.1128 11.5316 54.6752 41.2152 50.1386 6.9552 30.9847 16.7280 9.7232 25.7912 19.9444 20.7157 25.7999 51.1447 63.7677 63.7990 19.6347 10.0344 23.7323 64.0552 63.0585 16.4943 26.8585 26.2818 
4.5765 16.1400 0.0000 26.4865 10.4654 19.8428 5.6428 59.8650 12.0628 20.1165 25.3028 42.0228 53.1361 21.8150 33.2220 38.7900 71.5232 11.2500 18.2928 53.4950 38.5050 23.5265 43.0628 18.4128 23.1028 11.7304 61.6550 1.9728 20.7350 39.5428 28.5622 58.4550 12.0750 18.1620 19.9665 9.6365 12.7868 22.8065 7.3750 15.0660 40.5816 49.6253 52.0171 10.8636 19.0565 14.8056 63.5065 51.1971 12.5765 14.9971 34.3814 
25.8090 11.7400 24.7800 0.0000 21.8170 44.0852 30.4228 48.5245 36.8428 11.0970 28.8852 63.8052 73.3356 23.6376 21.2658 52.6366 59.4780 32.0156 40.9752 38.3790 25.1245 26.5252 66.4856 28.0152 44.9356 23.5466 55.2145 26.7528 23.2422 64.3228 52.9552 54.3688 18.6952 42.4106 14.0066 21.4632 30.8856 30.5722 32.1550 30.0639 62.8847 74.4053 62.3770 31.3747 20.6622 35.4723 49.0280 68.4674 28.2343 32.2674 27.2688 
8.0132 12.2000 7.3700 18.2100 0.0000 27.2128 13.0128 59.1860 18.0840 14.7936 25.2069 49.3928 55.7499 21.1569 24.5935 38.4990 65.9690 12.6999 25.6628 51.2708 36.2108 23.0569 49.8367 20.8269 28.2867 4.9290 60.5400 9.3428 20.0769 46.9128 35.6932 57.7969 11.4169 25.5320 13.7740 6.4260 14.2367 24.9180 14.7450 12.3799 43.9200 56.5573 52.4175 17.6032 18.2817 20.6276 62.4132 49.7526 14.6280 15.3975 33.8844 
22.8360 31.7900 19.3000 42.6200 26.6300 0.0000 15.3084 67.1450 16.7584 36.9384 29.8450 25.8405 53.7900 33.6384 51.0484 49.1184 88.8284 25.2284 4.9750 65.1250 50.3084 30.2084 34.4800 23.6884 23.7884 28.3684 66.3784 17.9684 31.3284 28.0184 13.6500 61.6884 26.0184 2.9784 37.0007 26.3507 25.8978 25.5250 14.3207 30.4684 23.5407 38.1009 65.9955 15.9790 31.0317 12.3617 81.7660 62.0735 21.2962 28.9755 45.2806 
7.5276 17.7100 4.9000 27.7800 11.7600 15.0900 0.0000 59.5952 13.7505 23.0676 22.8205 37.4124 55.8308 21.6552 36.3535 43.6900 75.1376 16.1500 13.5824 53.6952 38.6352 21.5864 43.0105 15.5605 24.0108 16.1682 59.6045 5.3582 20.6552 37.2994 22.9194 55.5045 14.3205 13.1605 22.9176 12.5876 16.1102 18.5745 1.9305 19.9660 36.7308 47.3020 56.9171 5.2208 18.0752 9.3184 66.4576 56.0971 9.2964 19.8971 36.0113 
59.1390 45.0700 59.2200 46.3100 57.1800 66.1500 58.2100 0.0000 71.2828 53.2820 43.7320 81.8165 112.3561 41.1020 62.1720 95.0300 78.4450 69.7847 69.3020 16.1650 24.1020 46.6634 100.6300 51.8426 82.2208 61.4600 17.0496 61.1928 43.3526 93.6075 79.8000 17.9265 51.6880 69.1284 57.8108 54.7932 70.8612 49.3480 60.1405 69.5599 89.6907 103.6900 97.3435 61.4180 45.3980 63.0032 81.5698 104.9300 56.4602 71.9285 32.7834 
15.3465 26.8800 10.7700 34.6500 16.4400 16.3700 11.4100 69.4600 0.0000 29.3401 34.0102 42.2105 43.0310 32.5850 39.9601 37.9810 77.3882 12.0912 18.7262 64.2650 49.2750 32.8202 32.7610 26.7502 11.2110 18.0380 71.0145 12.7428 31.5050 36.9168 22.5368 66.9145 22.8450 19.3484 25.2601 19.8962 10.9890 29.9845 13.1202 15.3882 32.7024 46.9993 52.8583 16.6308 29.4852 20.5508 71.5183 52.0383 20.7064 15.8383 45.1514 
16.1616 10.3900 17.8800 8.2200 10.7200 36.7400 21.6500 52.5600 27.0000 0.0000 27.2775 59.0616 64.0888 20.8824 16.6278 43.1588 53.8175 22.0805 35.2324 46.5990 33.3445 24.9175 58.4605 25.2068 36.9505 13.0005 58.7300 19.8528 20.5875 57.4228 43.8416 58.4075 17.0982 34.5916 4.5288 15.6871 23.1903 27.9175 23.4916 20.5861 54.6400 66.7816 52.2900 25.7516 18.0075 29.6516 54.4475 58.6656 22.2239 22.7896 35.2666 
24.0310 16.0400 23.4500 26.3000 24.4300 28.8100 21.2100 37.7000 32.6200 26.4100 0.0000 43.5948 75.4100 10.0960 42.0460 62.2400 75.1560 34.7000 26.1660 38.3660 23.7460 3.1860 61.2700 8.2490 43.5900 29.1300 45.0252 23.9283 7.9744 53.2912 41.3100 42.5460 16.8960 28.3812 30.7460 19.7300 35.4983 5.6160 21.4583 36.8099 47.6412 61.2412 68.8660 17.7200 10.6060 19.2712 73.8431 74.1826 14.0183 38.4471 18.6466 
42.9000 51.4600 41.4800 63.0300 48.6500 22.4700 36.8900 75.3000 38.2500 58.1700 42.7400 0.0000 65.4225 51.1832 72.9800 70.3125 110.5100 47.6984 27.4450 78.7236 66.4860 45.9260 42.1625 40.1232 43.9825 50.8384 71.6571 40.4384 49.5471 24.8025 29.9725 73.4735 47.0748 25.4484 58.2900 47.9600 48.3678 43.6352 36.7907 52.9384 13.9125 34.7445 88.4655 35.2248 51.0852 32.7218 101.8300 84.5435 41.6563 51.4455 61.3866 
57.1865 67.5000 52.6100 71.3900 55.3700 52.3500 54.1200 111.8200 42.7100 63.2300 75.3300 64.6900 0.0000 74.4250 70.5854 31.8480 104.7620 53.4996 56.6202 106.1050 91.1150 75.5302 25.8444 69.4602 45.8208 59.7596 113.7245 54.5828 73.3450 47.6824 55.8396 109.6245 64.6850 55.3284 64.3248 61.7960 53.6990 72.6945 55.8302 53.7696 54.6594 54.7084 59.4120 59.3408 71.6665 59.7618 94.6320 32.8020 63.4164 49.7896 86.9914 
20.5201 8.3200 21.2400 17.3400 19.4600 32.5600 20.9500 38.0800 31.7500 18.4800 9.0200 49.6000 73.7700 0.0000 35.1078 57.9590 70.2560 32.1599 29.5860 35.7242 20.7400 7.9060 62.9660 11.5860 42.9610 24.3890 43.3842 22.4260 3.0960 56.6460 43.7060 41.4842 10.5860 31.6360 23.0088 16.0460 32.2320 12.6440 21.9560 31.8399 51.3160 64.8460 62.5560 20.3160 4.2960 23.7082 66.3680 69.2126 15.3582 34.8575 14.3842 
30.6816 25.3100 31.6400 15.8700 24.3500 50.9500 36.0800 60.6900 38.4800 15.5400 41.1900 72.9700 66.5900 32.5600 0.0000 53.1709 48.2697 32.4709 49.6624 52.4590 40.9945 40.0952 67.7665 40.7468 46.5065 24.2970 71.0845 33.6128 35.6560 70.2580 55.8780 70.2388 31.5315 48.7580 15.2880 26.4014 33.5809 43.4575 38.0105 26.6109 68.2700 80.1443 41.1112 40.2716 33.5475 44.1716 37.8197 64.7444 37.7639 30.1665 43.1388 
41.5514 49.8400 38.7800 50.2100 38.1100 48.2900 42.3600 94.7600 32.8700 42.6900 61.9100 67.7300 26.5400 57.5600 42.0400 0.0000 87.3709 31.8620 51.5962 84.9200 71.8900 60.5014 50.8005 56.0714 31.8563 34.2414 98.1800 40.7528 58.1869 58.2552 46.2077 95.6214 49.5269 51.2684 38.6300 44.5360 32.6220 59.7814 44.2905 31.8720 65.5724 68.3377 41.8509 47.5808 56.0314 51.0777 77.4784 17.6891 49.9814 28.1520 71.6714 
68.4116 60.0700 69.4400 48.3900 62.0800 88.7000 73.7000 77.5300 76.2500 52.2500 74.0500 110.4200 97.4800 65.0700 37.9100 70.9600 0.0000 70.3809 87.2824 62.9028 62.8116 72.9760 105.6765 76.4052 84.4165 62.2070 92.9016 71.4128 68.1660 108.1680 93.7880 92.7434 67.0252 86.6680 53.1980 64.3114 71.4909 77.7140 75.6305 64.5209 106.0000 118.0543 50.5435 78.0016 69.0522 81.9016 14.9435 76.2776 74.4739 68.0765 71.4930 
15.8265 24.4700 11.2500 29.3800 12.3300 25.0300 15.0600 69.2200 9.1600 21.2100 34.5500 47.2500 43.0500 31.2100 30.3500 27.5400 67.7500 0.0000 25.9068 63.1932 48.4808 34.4268 37.1368 29.5268 15.5868 11.5268 72.8100 13.1568 31.9850 38.9168 24.8368 69.5568 23.3250 22.9568 20.8168 17.9632 1.5368 33.6345 16.7856 7.7271 41.8624 48.9993 40.7671 20.2808 30.3065 24.2162 59.4271 39.9471 23.7605 3.7471 45.4216 
19.6524 28.7200 17.7300 39.8700 24.8200 3.9800 13.0600 62.1700 17.1800 34.4700 24.8700 23.8300 55.5100 28.9200 49.1400 49.8500 86.6700 25.1100 0.0000 60.1500 45.7200 25.3000 38.1004 21.2390 24.8904 29.0884 61.5800 18.2784 28.2140 29.1204 17.3504 57.4800 22.8540 4.0804 35.0424 24.3740 24.8574 20.5500 13.7709 31.5704 24.8391 39.2029 65.8771 11.0040 27.1842 9.6390 78.5824 63.1755 18.1984 28.8571 42.8312 
51.0890 37.0200 52.7700 34.8900 49.0600 63.8200 53.0000 15.2500 63.5000 42.2500 35.3400 77.1800 104.4300 32.0600 47.6900 84.9200 62.2800 61.3800 59.9600 0.0000 18.5238 35.8602 95.0260 42.3502 74.7110 53.4100 32.2996 54.4860 35.1560 87.8902 75.7660 32.9820 42.6460 63.0602 46.7788 46.7432 62.8112 40.2402 54.0160 61.4399 81.1102 95.4502 82.2150 52.3402 36.3560 53.9502 65.4048 94.1700 47.3702 63.8785 21.9802 
36.5090 22.4400 37.8500 23.0500 34.6200 49.0000 37.9400 23.4000 48.5400 29.1800 21.0700 63.7000 89.9100 17.0000 38.0700 71.5900 61.5800 46.9100 45.2000 15.0600 0.0000 22.5614 79.6106 27.7406 59.7510 38.8300 30.0900 39.4260 19.2506 73.6460 60.7060 29.9318 27.5860 48.6360 33.7088 30.8454 48.2312 26.6860 38.9560 46.9999 66.6398 81.8460 73.2415 37.3160 21.2960 40.3412 70.5314 84.3726 32.3582 49.2985 8.6814 
20.8450 13.6900 21.7600 24.0600 22.3000 28.6600 19.9000 38.5000 31.2900 24.0600 2.3600 43.7100 73.9700 6.9100 38.8600 59.9900 71.9700 32.7300 24.7800 35.1800 20.5600 0.0000 60.7565 6.8565 42.5010 27.2290 41.8392 23.7328 6.5416 53.2725 41.9425 42.3925 15.2484 28.7725 28.5888 20.0412 34.2668 5.4625 21.3043 34.6799 49.6191 63.3550 67.4332 20.0800 9.1732 21.6312 72.4103 72.0526 14.9007 36.4771 20.6812 
46.5165 58.0800 41.9400 65.5200 47.4200 33.7900 41.2900 98.8100 31.2500 57.5500 61.1100 41.5000 23.9300 62.2400 66.2700 37.6300 102.1900 36.6300 37.5900 94.2900 79.2300 60.3600 0.0000 55.5316 31.2475 48.1568 99.1700 43.9128 61.1716 21.8380 29.9952 95.0700 54.0150 36.7684 56.5101 51.1462 38.1668 58.1400 41.9016 44.3571 28.8150 28.8640 77.3971 46.3877 59.3652 46.1517 96.0571 55.3191 49.8623 40.3771 75.9824 
19.8462 14.3200 16.7500 25.9400 19.1300 22.2100 14.0300 44.9100 25.4100 23.7800 7.3000 38.5800 68.1000 11.0600 39.2500 55.5100 74.3300 27.9900 18.3800 41.6100 26.8200 6.5300 53.9000 0.0000 36.6210 24.0590 45.5044 17.9542 9.4239 47.5004 35.7304 41.4044 11.7625 22.4604 26.5100 14.8100 29.5242 4.4744 14.4478 31.5099 43.2191 57.5829 66.0242 13.3342 10.9620 15.8920 72.7142 67.9371 8.0442 31.7371 21.5922 
26.2265 37.5400 21.6500 44.1300 26.2100 22.4300 22.4400 80.5600 11.1000 36.0800 43.5900 40.9600 31.8200 42.8000 45.0500 26.7700 81.7900 15.0800 24.8200 74.4000 59.5000 42.3300 21.5500 36.3300 0.0000 24.8830 81.8344 22.1865 42.3850 28.7314 14.3514 77.7344 33.7250 21.4343 34.1730 30.9962 14.8930 40.8044 24.0726 22.8071 33.7840 38.8139 55.8471 27.6608 40.5152 30.8176 74.5071 44.4591 31.7364 18.8271 56.0314 
12.6632 16.3900 9.4600 20.3000 4.6500 28.3100 14.3500 61.4500 15.5500 12.1500 29.0600 50.6900 51.7400 23.9900 23.1400 33.5700 61.0400 9.0800 27.0800 52.8000 38.6400 26.9500 45.4600 23.6000 23.9500 0.0000 64.7300 11.4328 24.6200 47.5698 33.4898 62.4469 16.0669 27.5105 10.1124 10.3400 10.1898 28.0744 16.2805 10.1088 44.8200 57.6523 47.4885 19.5708 22.9317 23.6684 60.9597 46.6685 19.2780 10.4685 37.7984 
59.2250 48.3400 60.4500 52.1900 59.8400 63.8500 58.5000 11.8400 69.9100 57.2300 37.2900 69.5700 112.6200 40.4000 67.5300 97.9500 87.9400 71.2200 59.9400 26.0800 29.5000 38.7400 97.4200 44.5300 80.8600 64.3800 0.0000 61.2183 42.1579 88.7882 77.2904 8.0282 50.9860 64.0204 61.7588 56.4460 72.6320 42.9060 58.7483 72.2199 83.4825 98.5312 98.7073 55.0100 44.6960 56.5612 91.4848 109.5926 51.3083 74.8485 35.9600 
4.9220 17.0400 1.4400 26.0300 8.7900 17.8700 3.6700 59.5300 10.0900 19.2400 23.3300 40.0500 52.3600 21.6800 33.0800 39.2600 70.8700 11.7600 16.3200 53.4200 38.4500 21.7500 41.0900 16.4400 21.1300 10.8100 60.4800 0.0000 21.6720 37.5700 26.5894 57.6337 13.1320 16.1892 19.0344 9.9820 11.8524 20.8937 5.6005 16.5060 40.4008 47.6525 52.5271 8.8908 19.4020 12.9884 63.8520 51.7071 10.6037 15.5071 35.0420 
18.8557 9.0800 19.9100 19.2600 19.0200 30.1700 19.1400 39.3200 30.1900 19.4700 7.1200 47.0200 72.5200 2.5800 34.0800 57.1000 67.2900 30.3300 26.4900 34.0900 19.0600 4.8100 60.3600 8.4900 41.2900 23.6400 40.9300 20.2100 0.0000 54.9816 42.0416 38.6070 8.9216 29.9716 22.7716 14.3816 30.8916 9.5480 20.2916 30.6716 49.5596 63.1596 60.8916 18.6516 2.6316 21.1896 65.8687 68.7726 13.6938 34.0771 16.9642 
42.4920 53.8400 38.8400 63.6000 45.8300 23.3700 36.1600 89.1500 30.1100 56.5500 52.1300 23.9000 41.6800 55.7000 68.5700 50.2200 106.2300 38.5100 27.2700 87.1800 72.3300 52.0300 17.9000 45.5700 25.9000 45.6200 85.9600 37.5700 53.3900 0.0000 18.2626 83.9346 49.3884 26.3484 55.3701 47.5520 40.0468 47.8200 37.6907 45.4982 12.4146 10.0825 79.2771 38.2740 53.3704 34.7004 97.9371 67.9091 43.6349 42.2571 67.1622 
28.3720 40.1300 24.6600 49.4300 31.5100 13.0000 22.4700 78.3900 15.7600 42.2300 40.7200 27.1200 40.1400 42.9000 54.2500 40.6900 91.9900 24.4200 16.7700 74.8600 59.8400 40.1900 20.8300 33.6600 14.0700 31.2500 76.6400 23.4500 40.7800 14.3800 0.0000 74.2500 34.2800 15.9784 41.0201 33.3846 25.9568 37.3200 21.8900 31.1482 19.4326 24.4625 65.1871 26.3761 40.0752 25.3617 83.8471 58.3791 29.3352 28.1671 55.2522 
55.9750 45.8200 56.8700 50.9000 56.8700 58.9900 54.5800 16.1500 65.9400 55.2300 33.4600 63.8900 108.5900 37.6400 66.5600 94.9200 89.3400 67.8500 55.1300 28.6800 29.0600 35.1300 92.7000 40.5500 76.7700 61.4800 5.8600 56.7900 37.8500 80.7600 71.8800 0.0000 46.7716 59.2104 59.7588 52.2316 68.6424 39.0760 54.9183 68.5216 77.8025 90.8425 98.7416 51.1800 40.4816 52.7312 91.2024 106.6226 47.4783 71.5971 37.7414 
9.9341 6.4400 11.5000 17.9300 10.6700 25.3900 11.8300 47.7900 22.1100 14.4900 13.7900 45.1100 64.0400 9.7400 30.0300 48.5500 65.9500 21.6700 22.2800 41.4200 26.4300 11.6400 52.9300 9.4100 33.1200 15.3200 49.5800 12.0200 8.6600 47.7200 34.2600 46.3800 0.0000 24.0295 18.9590 7.2590 23.2068 13.8844 13.7605 23.0499 44.1895 56.8125 59.6641 12.6795 7.1077 16.7771 66.9580 60.4226 10.3600 25.4171 24.1242 
19.8576 29.3700 16.4300 40.0100 23.7700 2.9200 12.3300 65.1900 13.7800 33.9600 27.6000 25.3800 51.5000 30.6600 48.0700 46.1400 85.8500 22.2500 4.0400 62.2500 47.3300 27.2300 34.0200 20.7100 20.8100 25.3900 63.4000 14.9900 28.3500 25.0400 13.2700 58.7100 23.0400 0.0000 34.0223 23.3723 22.9194 23.6633 11.3423 27.4900 26.4607 35.1225 63.0171 13.3233 28.0533 9.3833 78.7876 59.0951 18.3178 25.9971 42.3022 
17.7132 13.6000 17.0500 11.8700 9.7000 36.3300 21.4000 56.6300 25.0100 4.0800 29.3100 58.2700 59.5600 21.8900 14.7000 38.6300 52.3800 18.2700 34.4500 46.2900 33.2600 26.9700 54.8700 25.8600 33.3200 9.5400 61.1500 18.4800 22.5900 54.9700 40.5900 59.0300 16.4500 33.4700 0.0000 13.2210 19.7298 30.2514 23.3305 16.0573 53.6200 65.0525 52.2518 26.6208 20.3414 30.3276 52.5197 54.4608 24.3280 18.2608 36.2742 
6.0214 8.2400 8.1800 16.8800 4.7600 25.9500 10.9500 52.7600 18.7700 10.9700 19.7300 47.2000 59.3900 14.8400 26.1400 42.8200 63.2200 16.4800 23.5300 45.2300 30.5400 17.5800 50.0200 14.8100 29.3200 9.4000 55.1500 9.2900 14.2800 46.7900 32.7300 52.1300 5.9500 23.2500 11.7000 0.0000 18.0168 19.2844 12.8805 17.1399 44.8814 56.2267 55.7514 15.6114 13.0577 19.5114 63.9597 54.5126 12.8375 19.8685 27.4584 
15.8165 25.0400 11.2400 30.2800 12.9700 24.1700 14.7800 69.6500 8.1400 22.1400 34.6500 46.3200 42.4500 31.6000 31.4800 27.6400 68.8800 1.1300 24.3700 62.0100 47.4600 32.8900 35.6000 27.9900 14.0500 9.9900 71.4700 11.6200 30.6300 37.3800 23.3000 68.0200 21.9800 21.4200 19.2800 16.9600 0.0000 32.4644 16.7105 8.8571 40.8424 47.4625 41.8971 20.0008 29.0877 24.0984 60.5571 41.0771 22.2237 4.8771 44.4184 
22.3841 16.3700 20.5100 27.5700 22.6300 24.4900 17.6900 41.9100 29.0200 26.3700 4.3200 38.9600 71.6700 11.1400 41.6500 59.2600 75.8300 31.7500 20.5500 39.6000 25.1700 4.7500 56.9500 3.7600 39.8600 27.1600 41.0300 20.1900 8.6800 47.8100 36.4800 36.9300 12.4500 23.3100 28.7800 18.1600 31.7400 0.0000 18.2078 35.0099 45.3891 57.8925 69.2990 15.5714 11.3116 19.4208 74.5487 71.6971 11.3190 35.4971 22.9666 
8.5761 18.4600 6.2500 28.7900 13.0700 13.9300 1.3500 58.1300 11.8200 22.8300 20.8900 35.6000 54.4800 21.2000 37.3700 43.3000 74.9400 16.1400 11.7700 53.2700 38.2100 19.7000 41.0800 13.6300 22.7100 15.7000 58.1600 4.9800 19.2700 35.3900 21.8900 54.1400 12.3900 11.2300 22.6800 12.0300 15.8000 17.2100 0.0000 20.0283 35.8006 45.3715 56.9071 4.4861 19.0728 7.4306 67.5061 56.0871 10.6464 19.8871 34.0808 
18.5265 23.3700 13.9500 25.9500 11.5700 30.3400 18.5800 68.4300 14.9400 17.7700 35.7500 52.7300 45.4600 31.0000 24.8700 26.5600 62.0000 5.8600 30.0000 59.4600 45.5100 33.7100 41.5400 29.8700 20.1900 7.0200 71.3900 14.9400 30.5900 44.3200 30.2700 68.4300 22.1400 27.4900 14.2100 16.3100 6.9700 33.5400 19.8300 0.0000 47.6424 54.4025 42.9104 23.8008 29.2477 27.2606 60.0415 42.0904 25.5437 5.8904 43.7684 
40.0820 49.7600 36.5600 60.5300 43.9200 17.9700 32.8100 81.0000 30.2800 54.3500 45.1200 13.2500 51.5100 50.0700 67.9200 56.4000 105.8200 39.4100 21.2300 80.4600 65.9800 45.4300 28.2500 39.2800 30.0700 44.8200 76.9000 35.1600 47.6000 10.8900 16.0600 71.5200 43.3500 20.5300 53.5400 43.7600 38.3400 40.8800 31.7500 45.2200 0.0000 20.8320 80.1771 32.2340 48.4142 29.9133 98.8371 74.0891 38.8478 43.1571 60.8722 
51.4520 62.4800 47.8300 72.5300 54.9100 31.2400 44.9000 95.8100 39.3300 65.6200 59.5200 25.0200 46.1700 63.7900 77.8100 58.0800 115.4800 47.7600 34.9500 94.8100 80.1400 59.6500 22.5500 53.3200 34.8700 54.8300 91.7700 46.5300 61.4000 9.2500 23.5800 86.3700 56.2500 33.2700 64.1400 55.6700 46.6300 55.2300 44.0500 53.5700 14.8800 0.0000 87.7220 45.9540 61.1555 42.6533 106.3820 75.7691 51.5878 50.7020 74.9122 
52.2132 51.7100 49.2000 45.5400 44.2000 65.6500 54.0300 91.3300 49.4500 41.5000 67.3700 87.6800 54.2900 59.9500 30.6800 28.4700 45.5200 40.6300 65.6300 78.3000 68.4500 65.0500 65.0400 63.1400 49.0600 40.1500 97.7300 50.3600 60.7300 74.8400 62.5900 96.3000 53.9800 62.8900 38.1400 48.3300 41.4900 66.4200 55.3400 35.6700 78.5700 83.5300 0.0000 59.2508 58.4814 62.7706 40.9400 36.9879 58.8280 41.5604 72.8088 
11.0285 18.2700 9.6300 29.4100 15.5600 13.5700 5.0200 55.3000 15.5000 24.3400 17.7200 33.8700 57.9600 19.4100 39.4200 47.2700 76.5800 20.0700 10.4800 51.2800 36.2700 16.8200 43.5500 10.4200 26.1400 18.8300 54.8100 8.5900 17.2100 36.3300 23.5900 50.6300 11.8500 11.3500 24.7900 13.3700 19.7500 13.7800 3.9700 23.5200 31.5100 44.6200 58.8100 0.0000 16.1802 4.0976 69.5334 60.0171 7.1944 23.8171 32.0122 
16.2241 6.7800 17.7200 17.6600 16.4700 29.3400 17.3800 41.5200 28.1800 17.1500 9.2700 47.1600 70.3100 3.5800 32.0300 54.5700 65.9600 27.9200 25.8000 35.6200 20.5600 6.9100 58.6700 8.7000 39.2500 21.0800 43.4200 18.1300 2.5800 52.3500 39.4100 40.4000 6.2900 27.3400 20.1400 11.7500 28.2600 9.9100 17.6600 28.0400 47.0200 60.5500 58.2600 16.0200 0.0000 19.4122 66.6880 66.2226 11.0622 31.5485 17.9642 
14.9685 21.7400 13.1800 33.1000 19.4600 10.7300 8.3100 56.1900 17.0300 28.2500 18.5300 30.0200 58.5900 21.8400 43.3600 49.5900 80.4800 22.9000 7.1400 53.1800 38.3100 18.1200 42.7200 11.6000 26.9100 22.5500 54.8700 11.9800 19.4400 34.0200 22.2000 50.3900 15.3000 9.1100 28.7300 17.3000 22.4500 14.2800 7.0100 26.8400 28.3700 41.9700 62.3400 3.9400 18.6700 0.0000 73.4734 62.8471 8.9345 26.6471 33.1922 
59.5516 52.5700 60.5000 41.2000 53.2100 79.8000 64.9500 75.6800 66.7000 43.9300 67.4100 101.8200 87.0400 58.3900 28.8700 60.5300 10.4500 58.0200 78.0000 60.5600 57.3800 65.2100 91.9600 66.8900 71.7700 51.7700 85.3100 61.9300 60.4300 96.5200 82.3800 86.0400 58.1000 76.9100 43.5500 54.8100 59.1400 68.7400 66.2300 52.2100 96.5800 105.7700 35.6000 68.1700 58.8400 72.1000 0.0000 69.2496 66.1539 58.1004 66.0614 
53.9214 60.5000 50.6700 59.2900 49.2600 60.6400 54.4600 104.9300 45.2200 52.3800 73.4600 79.7400 29.8200 68.5000 48.6800 12.3700 71.9600 39.4800 62.2300 94.1700 81.5700 71.4500 46.8200 67.3000 38.9000 44.6300 108.8300 51.2400 68.2700 61.1400 52.6200 106.0900 59.8800 58.5100 48.3100 54.0200 39.6800 71.0300 55.4500 37.7500 68.0600 68.4400 26.6100 59.4100 65.7100 61.8500 61.8300 0.0000 61.8437 40.5220 81.4784 
11.8020 13.4100 10.2900 24.9100 13.8000 18.7600 7.6200 50.6900 19.0300 20.7700 13.6100 38.1200 61.7300 14.1600 36.2300 49.0700 72.7400 21.5300 15.4300 46.1200 31.0800 12.2900 48.4100 6.5400 30.0500 17.9300 50.8900 9.9100 12.0300 41.6200 28.7600 47.0300 7.0000 16.6300 21.9600 10.2700 21.4800 10.2900 7.4400 23.7800 36.6200 49.8900 57.9800 5.2900 10.7400 8.3500 64.6700 60.9400 0.0000 25.2771 28.1322 
17.3368 26.2300 14.4900 29.7100 14.0800 28.6400 18.6000 71.2500 12.5200 21.5000 37.4400 50.7500 41.8400 33.4600 28.7300 24.4800 65.5900 3.7100 28.8000 62.7700 48.5800 35.5200 37.6000 31.1100 16.3400 9.9700 73.7200 15.1700 32.7900 40.9800 27.1700 70.5300 24.1700 25.8900 18.0800 18.6200 4.4700 34.8500 19.7200 3.9800 42.5200 50.2000 37.0200 23.6200 30.3100 26.5500 55.6800 36.2000 24.7400 0.0000 46.0784 
31.8541 19.5100 33.3800 23.9200 31.4300 42.5400 32.6900 25.8900 43.7700 28.2500 14.0200 56.3900 85.9500 12.1900 39.7300 69.3400 66.8900 43.3600 38.6600 21.3400 7.4200 13.8800 73.8000 20.3700 54.8600 35.8200 29.0000 33.7500 13.5800 65.9100 53.9100 27.1000 21.9200 41.0800 32.1600 26.9200 43.7700 18.2600 32.7700 42.8300 59.1300 73.4700 69.2100 30.3600 15.6600 31.9700 61.8500 79.9600 25.3900 45.4900 0.0000 
~
Delivery quantities;
45.87	93.57	6.80	62.62	87.02	58.27	55.70	95.90	27.48	22.02	96.37	49.45	49.23	9.25	70.80	58.04	78.92	98.14	8.05	47.91	89.20	14.29	26.03	16.71	20.75	38.76	89.62	58.33	18.94	59.08	6.95	77.02	76.10	7.81	67.89	97.77	11.15	12.33	13.92	56.69	57.36	67.06	2.36	86.31	23.52	79.83	85.89	45.62	90.82	28.66
~
Pick-up quantities;
23.97	107.39	8.98	77.58	84.60	67.45	40.82	106.06	36.78	27.30	117.26	65.55	38.14	10.60	77.39	73.37	117.14	80.94	9.58	27.30	99.55	17.54	34.74	14.60	14.51	47.76	102.48	73.58	10.18	54.54	9.97	56.60	45.87	8.57	94.53	132.52	16.52	8.51	10.78	83.17	84.02	46.72	1.97	97.22	21.30	86.65	103.07	62.85	105.77	21.18
~
Vehicle capacity; 
849.40 849.40 849.40 849.40 ~

