Cost matrix;
0 17.4400 44.7300 62.7200 16.8900 14.3400 50.1500 38.6000 55.2500 8.7300 57.5300 51.5800 6.7400 53.4100 18.0400 12.3200 15.7700 10.4900 16.5100 44.1100 12.8100 15.0700 8.9400 17.4400 14.1500 7.8400 45.7300 55.7300 34.8900 47.2600 13.3900 28.1100 10.4200 2.9000 13.6700 7.0900 13.4300 10.5100 13.3500 51.5900 40.3700 5.2000 16.2500 34.6100 15.3200 15.1800 25.7500 54.0200 14.7100 38.9100 14.2600 
19.1840 0.0000 29.1300 63.2563 18.3700 32.3224 52.7048 36.3863 45.6348 10.1524 71.8799 50.6663 16.2519 71.3924 34.6624 13.0748 25.2648 19.1799 14.0848 40.4880 28.3300 4.9248 9.4724 15.2673 29.3424 22.7400 53.1300 58.2063 52.8324 45.0068 29.3224 18.1480 7.5924 16.9869 23.3203 16.7068 31.3863 19.9968 22.5703 44.0168 36.3568 23.1363 24.8163 36.3563 34.2568 33.2961 34.6663 68.1168 5.4568 51.2676 7.7363 
46.1054 29.1300 0.0000 51.1128 40.0253 58.4649 81.8348 30.9228 50.0760 37.0262 93.3100 37.6428 39.8849 96.0500 56.7500 42.2048 54.3948 40.6100 43.2148 24.5328 57.4600 34.0548 36.9962 44.3973 52.5404 51.8700 66.9240 54.5718 79.0991 67.9451 53.9104 22.8653 36.3962 43.1362 44.7504 45.8368 58.0962 49.1268 44.0004 50.8680 58.1751 50.1962 47.2685 42.8904 61.0262 56.9291 52.6149 97.2468 34.5868 72.6977 31.4562 
65.4264 59.0200 47.3200 0.0000 51.1597 69.5230 111.7248 29.8102 91.0080 62.7497 70.2960 16.4197 58.4168 95.4460 63.2160 72.0948 81.1964 57.1360 73.1048 29.2380 78.2364 63.9448 63.6313 74.2873 59.2860 73.2664 38.4360 11.8560 84.4012 104.0268 61.2648 52.0657 65.6805 63.8033 55.7855 72.5164 66.4530 75.9364 56.7605 98.1880 95.3768 68.5628 54.2657 35.0357 77.0610 65.9412 45.2712 117.6730 64.4768 54.3243 63.2928 
19.7096 16.7000 32.8800 46.3000 0.0000 27.0914 65.9533 27.9040 60.7848 17.1120 59.9814 41.6880 12.7000 63.6181 24.0481 24.5733 34.8814 8.6314 27.5633 30.3160 30.5413 20.0748 17.0633 28.4733 18.4614 26.2138 38.2935 48.1777 46.0514 59.1133 19.8314 20.0772 15.1833 18.0865 10.6714 26.7996 26.2414 30.2196 9.9214 58.2548 49.4800 19.2713 10.2760 26.2977 31.1186 24.0832 20.2752 71.3565 19.6948 38.9817 15.8562 
17.0646 31.7600 58.0700 68.2100 26.8400 0.0000 56.1210 48.5477 71.0710 23.1710 49.1077 59.3877 20.1077 40.3290 10.5477 27.7035 24.3210 19.3677 31.7435 54.6977 13.7410 30.4510 23.5310 32.6135 12.6477 16.7077 43.8277 60.0377 21.6090 59.1310 10.7077 42.2210 25.2410 16.8810 19.3777 21.9535 3.4077 24.6110 20.3527 67.9110 54.6910 12.2720 24.0083 43.0213 7.7610 8.4102 30.7338 51.6524 30.9470 34.7207 30.8992 
54.6711 51.9800 76.4200 110.4300 64.6300 53.9100 0.0000 84.9896 59.2572 54.6096 101.8844 99.3796 57.8540 89.9344 64.4577 44.4796 40.9932 62.4340 40.2896 90.3120 51.8154 50.7320 55.4340 41.6812 64.3232 48.7040 96.7432 107.3040 72.4044 25.8672 62.3832 69.8540 54.4028 53.9540 65.8040 46.2340 57.3177 41.6640 65.7205 53.6775 35.9077 56.6136 69.0925 86.2888 50.2944 62.3202 79.7370 53.1622 51.2640 88.6307 59.7163 
41.5096 31.5300 24.0600 27.8600 21.8000 47.9200 83.4100 0.0000 65.4155 35.0676 69.3400 19.8834 34.5000 85.4181 45.8481 44.6048 55.9292 30.4314 45.6148 6.7734 52.3413 36.4548 35.9492 46.7973 40.2614 48.0138 41.6806 34.1278 67.8514 76.1255 41.6314 22.2555 36.9833 39.8865 32.4714 48.2368 47.8484 50.9492 31.7214 72.1833 67.8868 41.0713 30.7734 14.8606 52.9186 45.8832 30.8280 92.4500 36.9868 46.2000 37.5315 
59.6640 40.4800 41.7300 88.3200 56.3800 68.6500 52.2900 61.9200 0.0000 50.6324 112.3599 79.3728 56.7319 108.9790 75.1424 47.9753 55.9927 59.6599 43.7853 66.2628 64.8853 45.4048 49.9524 45.0227 68.7608 60.2836 93.6100 96.0478 90.2590 33.7627 69.8024 55.3727 48.0724 57.4669 63.6502 52.5336 71.8663 53.6253 63.0503 10.3927 29.3760 63.6163 65.2963 76.7806 72.5397 73.7761 75.1463 97.9557 45.9368 91.7476 48.2163 
9.0792 9.1500 36.1100 58.4100 12.4000 22.8400 52.2500 32.4700 48.8800 0.0000 64.3420 47.7416 7.3320 62.3964 26.1116 11.1116 20.8616 12.5516 14.4716 38.6816 21.7316 8.4516 0.8816 15.8632 22.5861 16.4673 48.9736 57.0808 43.7964 46.8608 22.2161 21.8008 2.9308 8.3961 16.3836 13.5815 22.1964 15.8816 15.9420 46.8576 38.8052 13.9464 19.2101 36.8079 24.3992 24.2592 29.2472 63.0992 8.2976 44.6393 8.1879 
59.3735 71.6800 88.0800 68.7400 57.4400 46.8800 99.3200 66.9400 111.9800 63.1100 0.0000 69.7374 57.1500 42.3540 47.4040 69.9700 70.4740 53.7200 74.0100 72.8500 60.6210 71.3300 63.8200 74.8800 43.9500 61.1540 46.9474 70.1280 38.9312 104.3900 45.9288 77.5172 65.8692 58.5657 52.5468 64.2200 48.6540 67.6840 53.0024 109.5957 98.9640 54.4540 57.1774 55.8600 54.6410 44.3040 52.7574 89.8954 71.2360 32.6274 69.4370 
51.5800 46.0500 34.3400 13.5700 34.7400 58.9600 97.8300 14.5600 74.8800 46.3300 68.3700 0.0000 46.6960 90.4460 53.0360 57.4416 67.1916 43.0560 60.1348 13.3722 64.3900 50.9748 47.2116 61.3173 47.6360 59.4200 37.5744 16.9290 73.3260 90.6855 49.5160 36.8155 49.2608 50.7360 41.1760 58.2560 56.7060 62.0900 41.0760 85.2080 82.4068 53.6860 37.8460 18.6160 64.7696 54.4555 34.6198 105.6000 51.5068 52.1700 47.4549 
7.0096 14.9100 39.4900 56.1700 10.1600 18.5800 55.7000 31.8800 54.9700 6.1100 57.0100 44.8700 0.0000 57.8542 20.0340 17.2216 22.7796 7.7400 19.7064 38.6534 19.8196 14.5616 6.9916 21.0980 17.6908 14.8496 42.3208 51.6658 39.2142 52.9708 19.1308 27.3760 9.0408 5.3865 9.7308 14.0996 20.2007 17.5196 10.7058 52.9676 44.9152 11.9507 12.0458 33.6960 22.3296 17.0442 23.8908 61.0296 14.4076 38.0411 13.2860 
56.1346 70.8300 96.0500 93.7700 63.3700 39.0700 77.3300 81.4400 106.2500 61.8600 36.2000 88.6700 57.0800 0.0000 43.5270 66.0788 60.7640 57.2088 70.0788 88.2134 50.4640 69.5210 62.6010 70.9188 50.0740 54.5240 68.4940 91.4040 22.4640 96.3862 48.5488 80.6888 64.3110 55.9510 57.2188 60.3288 41.2488 61.8662 58.1938 106.4362 91.4781 51.3420 61.8494 80.8057 45.0162 46.2513 65.1157 51.5890 70.0170 57.0438 69.9692 
18.4008 33.7500 56.6200 60.3700 23.8100 9.6900 63.2200 42.7600 73.1200 24.6700 39.5800 52.2300 18.9000 39.5700 0.0000 30.6263 30.3550 17.4254 34.6663 49.5334 21.0350 33.1216 25.5516 35.5363 8.2152 20.9475 38.5435 56.1654 26.3550 64.6239 6.7954 41.4080 27.6008 19.6976 15.0280 24.8763 8.4252 27.2539 16.0030 69.9908 58.2439 13.5239 19.6586 39.0750 17.2150 4.1850 25.5843 59.6452 32.9676 24.2235 32.1860 
12.4432 12.6600 41.6100 69.0800 23.3000 24.8200 41.4100 42.5200 43.8400 10.9000 69.8000 56.7100 15.3800 62.8800 30.2300 0.0000 15.4270 22.9332 6.2012 48.7824 18.9010 9.9238 11.7816 6.1166 26.5932 13.3110 56.9100 65.0424 46.3706 41.4004 25.8332 28.1338 10.8924 15.2050 24.3200 7.0150 25.8732 9.2170 25.2950 47.3880 33.0408 17.6432 27.4258 44.4546 25.8693 27.6232 38.1932 60.4982 9.5438 51.3532 15.8346 
17.1893 24.7600 53.8200 78.1200 31.8500 20.8000 34.7400 52.8300 51.8500 20.3800 67.6800 66.4800 22.0000 54.7400 29.2400 12.2200 0.0000 27.6793 16.1280 58.3578 10.8222 22.1438 21.2616 17.5196 30.3397 12.9336 62.9193 72.9193 39.1022 40.4841 29.1097 39.9880 22.6161 20.0893 30.8593 13.3261 24.2077 8.7561 30.5393 48.7441 30.7141 19.9897 33.4393 51.7993 18.4766 29.2102 42.9393 45.0712 21.7638 53.4635 28.0546 
12.1696 18.9900 40.6100 52.4900 8.3800 18.4600 60.4300 29.7500 59.4100 10.9200 52.7000 41.8400 5.1600 55.4400 16.1400 20.5200 26.2500 0.0000 24.8664 36.5234 22.6968 19.3716 11.8016 26.2580 11.9304 19.7068 36.5204 46.1504 39.5204 57.7808 13.3004 27.4138 13.8508 10.5465 4.1404 18.2030 19.6768 22.6796 3.3904 57.7776 49.7252 11.4268 6.6585 28.7702 23.2741 18.3788 17.3030 66.1896 19.2176 32.0877 18.1896 
16.6332 13.6000 41.5200 71.7300 26.5600 28.6600 38.7400 44.7000 40.1700 14.3200 73.9600 59.0900 19.3200 66.2200 34.3800 4.1900 13.4400 24.4800 0.0000 50.0224 21.1000 10.4424 15.2016 1.3916 30.7832 16.8800 61.0004 68.2632 48.7600 35.6272 30.0232 29.5644 14.1132 16.7963 28.5100 10.5732 29.4066 9.8400 27.8704 46.2387 28.2087 21.8332 31.1385 46.8300 28.7544 31.8132 41.7830 58.5112 10.9744 55.5432 19.4434 
44.4696 35.2400 21.5200 26.5800 27.5600 54.0300 87.1800 6.3900 61.7700 37.4100 72.7200 13.1100 37.4600 87.8300 49.1000 46.9400 57.7800 35.7200 48.7400 0.0000 57.2796 40.1648 38.2916 50.1316 44.6545 52.3096 46.8682 30.0390 72.1845 79.5610 46.2645 25.6910 39.0227 42.8465 37.0745 48.5427 53.0145 52.8727 36.9245 72.1627 71.5968 46.8313 33.6945 20.0482 58.6786 51.4740 34.5816 98.1100 40.6968 52.5900 34.0827 
15.8844 28.3200 56.8900 74.2600 29.4000 10.5500 43.4800 51.2000 61.1000 20.8900 57.2400 63.7400 19.3800 45.1600 19.7600 18.0500 10.6100 21.9200 21.1000 56.8400 0.0000 24.8317 21.3013 22.4916 21.7404 5.9813 53.7030 68.0704 28.2800 50.9020 21.2577 41.6617 22.8417 18.2403 26.0604 13.3017 13.9577 13.5120 25.3104 59.3541 41.3241 15.8907 28.5785 50.4944 7.6544 18.9602 39.2230 45.8097 25.3637 43.9835 28.0509 
16.5770 4.5600 33.4800 62.8600 18.8500 29.2900 47.7800 35.6200 40.7100 8.2800 71.3100 50.0700 14.3700 68.2600 32.5000 8.1500 20.3400 19.1500 9.1600 39.5800 24.7000 0.0000 7.7320 10.3425 27.5320 19.4320 54.9320 58.3620 50.0520 40.0820 27.4120 19.1220 5.8820 13.7320 23.1320 11.7820 28.6620 15.0720 22.4520 39.0920 31.4320 20.4220 23.7620 36.5220 29.3320 30.0320 33.9620 63.1920 0.5320 51.2377 9.9656 
9.8392 8.6900 36.0700 59.0000 13.0800 23.1600 51.6000 32.9300 48.2200 0.7600 63.7700 46.8600 6.8000 62.2100 25.2300 10.2300 19.9800 11.6700 13.5900 37.8000 20.8500 7.5700 0.0000 14.9816 21.7045 17.2273 48.1904 56.1992 44.4645 45.9792 21.3345 20.9192 2.0492 7.5145 15.8104 12.6999 22.9564 16.6416 15.0604 45.9760 37.9236 14.7064 18.3285 35.9882 24.8745 23.8442 28.3656 63.8592 7.4160 43.7577 7.3682 
17.5832 14.2200 41.8200 72.5500 27.4800 29.4400 37.9600 45.4500 39.4900 15.2700 74.8600 59.8700 20.2900 66.8300 35.2800 5.1400 13.6500 25.4500 0.9800 49.4100 21.6800 9.8500 14.5400 0.0000 31.7332 17.8600 61.9704 68.2120 49.7400 36.6072 30.9732 28.9720 15.0932 17.7763 29.4600 10.6600 30.3866 10.8200 28.8404 47.2187 29.1887 22.2750 32.1085 46.3720 29.3344 32.6280 42.7530 58.7212 10.3820 56.4932 18.0518 
15.4235 28.0900 50.1100 55.9100 17.3000 12.3100 62.6600 36.7000 68.0800 19.2300 43.9500 46.9300 13.2000 46.0800 6.5200 26.4000 27.9800 9.7700 30.5900 42.9900 20.1300 27.3800 19.8700 31.5400 0.0000 19.0188 36.3388 49.8015 28.2688 62.1988 1.9788 34.7324 21.9192 14.6157 8.5968 22.5135 9.7944 25.5584 9.0524 65.6457 55.7935 11.8284 13.2274 34.4322 19.7308 6.8195 21.4480 61.0144 27.2860 30.7435 25.4870 
11.3680 22.7400 51.3200 70.3600 24.7300 12.4300 44.1800 46.4300 56.7100 15.3900 59.0000 59.3800 14.5700 49.8400 19.9500 13.0500 9.5100 17.8900 16.5400 51.8900 5.5900 19.2000 15.3200 17.2500 18.4800 0.0000 53.0516 64.0404 33.8700 47.1756 19.2216 36.2392 17.3692 12.2590 21.7830 8.5250 13.5660 9.7856 21.2804 56.2800 38.2500 10.1016 24.5485 45.9780 12.5583 18.5685 35.1930 51.3997 19.7320 44.1735 22.6882 
47.1019 53.1300 60.8400 36.9800 36.4700 43.2100 95.3700 37.5200 92.4900 46.9400 32.1300 36.4800 41.5600 58.4100 33.5500 56.9100 60.6500 36.4000 60.8700 42.5400 52.6500 54.7200 47.7000 61.8500 32.7600 51.1900 0.0000 38.0094 47.4109 93.1524 34.7388 56.0424 49.6424 45.7739 34.8739 53.9539 41.9752 57.6119 34.1239 93.0424 85.1924 44.5884 31.5524 36.7434 50.7650 37.7350 30.1968 90.9540 55.1160 17.1840 50.6820 
56.4696 54.6200 48.3700 10.4000 40.1500 59.7000 104.7800 25.6600 87.5900 52.5400 58.4400 14.8500 49.4600 83.5900 51.3600 63.4200 71.4200 45.2800 66.4800 26.8500 66.5600 58.0200 53.2000 67.3600 47.4300 63.1100 26.5800 0.0000 72.5452 97.1900 49.4088 47.9155 55.2492 54.8465 43.9295 63.4830 57.2244 66.9796 44.9045 95.1120 89.4520 56.7068 43.7152 25.1620 66.5052 54.0852 33.4152 108.4444 58.5520 42.4683 56.0062 
37.6446 52.2600 77.3900 78.7200 44.8300 20.5800 65.9600 63.7100 88.7700 43.2200 34.7600 72.1400 38.3700 18.7200 21.1700 45.0200 38.3000 36.8000 48.6000 70.0800 28.0000 49.8800 43.6000 49.3000 27.6100 32.0600 46.0300 68.9400 0.0000 73.9222 27.9654 62.1180 45.6492 37.4610 36.1980 40.4422 23.9877 39.4022 36.6624 83.9722 69.0141 32.8520 40.8286 58.3417 22.5522 24.1653 42.6517 50.9642 50.4120 34.8146 50.9682 
48.1332 42.5700 62.1300 101.3200 58.0300 55.7700 19.0200 73.5100 33.3900 46.0700 102.6500 88.0600 51.0700 86.7200 63.7500 35.6900 34.9800 56.2200 31.8100 76.1900 45.5200 39.3300 45.3200 30.8400 61.2700 43.8400 92.5900 97.1900 72.2600 0.0000 61.5232 55.3978 45.2120 48.6063 60.0100 41.5000 57.4060 41.6500 59.6104 27.8103 11.1378 53.1150 62.8785 75.8520 53.1744 61.8630 73.2920 72.1822 39.8620 87.0432 48.8918 
17.1392 28.2900 51.2100 57.8500 18.5500 10.3600 61.1600 38.4000 67.9700 19.2700 44.2600 48.8000 13.4000 44.8700 5.5700 25.7100 26.5500 10.6300 29.9000 44.6600 18.3700 27.2600 19.8700 30.8400 1.9400 17.0400 34.3600 49.3700 26.2900 60.2200 0.0000 35.5900 21.9192 16.5557 10.5368 20.7570 10.1470 23.5796 9.9100 65.8460 54.5696 9.8496 14.1413 35.2898 17.7520 5.8650 23.3880 61.3670 27.2860 29.7935 26.1405 
28.6692 13.9600 16.6900 47.8600 17.1600 41.3900 65.2100 20.0500 43.1600 19.5900 74.2600 34.3900 22.8100 79.6000 40.3900 26.5500 38.4500 24.2600 27.4700 22.3400 40.4700 18.5200 19.6300 28.0100 33.9400 34.9500 50.2600 45.2400 60.9000 53.8700 34.8900 0.0000 21.5524 27.1445 27.8314 30.3020 41.7864 33.5920 27.0814 49.9278 49.9520 33.5364 27.4360 25.8978 43.9892 39.8542 33.3688 81.7120 19.0520 56.1417 20.7123 
11.6392 7.0300 35.0900 59.6900 14.1900 24.7300 50.7700 33.2400 46.3400 2.5600 65.6500 47.3500 8.6700 63.8000 27.0700 9.3900 20.0200 13.4700 12.3800 37.8900 21.8200 5.7100 1.8800 13.2900 21.7500 16.2400 49.3200 54.1500 45.2400 43.9300 21.7300 18.8700 0.0000 9.3945 17.6104 11.6388 23.7939 17.2142 16.8604 44.8020 37.1420 15.5439 20.1285 34.5396 26.7545 25.7142 30.2456 65.0912 6.2420 45.5577 6.8666 
3.9150 15.3400 42.0000 60.2100 14.1600 16.5500 51.9200 35.7800 54.1900 6.2900 58.0700 48.8900 4.0500 55.5700 18.9400 12.5000 17.9900 8.5200 16.6300 41.2400 15.7100 13.5700 6.6500 17.6000 14.1900 10.6600 44.5900 53.4400 36.9500 48.0500 13.8200 25.3400 8.3600 0.0000 12.5165 11.0050 16.3068 14.4250 11.7665 51.0300 44.2850 8.3304 15.1785 37.1463 19.2350 16.7993 25.8113 57.4791 14.0660 40.6077 14.0182 
16.0050 22.5400 42.3000 50.3300 9.4200 18.8100 63.8100 29.1700 63.0200 14.7600 49.3100 40.3200 9.0100 54.0200 14.4500 24.3200 29.3600 3.8600 28.3100 35.3600 23.9700 22.9500 15.5100 29.2800 7.9600 20.5500 32.5900 42.6500 35.5700 60.0100 9.4000 26.3800 17.2900 12.0900 0.0000 20.8050 17.2950 24.7550 0.9750 61.4860 53.4336 14.0354 4.6306 26.3548 23.5936 14.7795 15.0198 67.4850 22.9260 28.3103 18.1246 
8.4371 15.3500 44.3400 67.6000 21.3000 19.0900 43.8100 42.0800 49.5600 9.6400 64.2100 55.7900 11.8900 57.4300 24.6300 5.7500 10.7500 16.7000 9.7900 47.0500 13.1700 11.5300 9.2700 10.6600 21.2100 7.7500 52.6600 61.2300 39.4000 40.1700 20.3500 28.3600 9.5400 8.1900 20.2700 0.0000 19.8650 5.5754 19.9565 50.6220 37.9987 11.6150 23.3585 43.0471 20.3083 21.9680 34.0013 55.8212 12.0620 46.9044 14.7492 
18.0570 30.5800 56.0700 65.1500 24.3200 3.0700 56.0900 45.1400 68.4800 21.5000 45.7000 55.9800 16.7000 40.4400 7.1400 24.8300 22.3200 15.9600 28.8300 51.2900 12.6200 28.5000 21.8900 29.6700 9.2400 13.3000 40.4200 56.6300 21.7500 57.1000 7.3000 39.4400 23.5900 15.2400 15.9700 19.0800 0.0000 22.5680 16.9450 66.2700 51.5500 10.7250 20.6006 39.6136 10.6080 5.0025 27.3261 51.2200 29.0320 31.3130 29.2582 
13.0071 19.0000 48.1200 72.1200 25.8200 19.4600 39.6800 46.6400 49.9200 14.1800 65.8200 60.3600 16.1900 56.3900 26.4700 7.0900 6.2100 20.7700 9.8400 51.5700 11.2600 14.7600 13.7700 10.4400 24.0000 7.0400 56.1700 65.6400 38.9200 37.3900 22.8500 32.4600 13.8600 12.2900 24.1400 4.5700 20.1500 0.0000 24.0565 49.6392 35.7390 16.1850 27.4285 47.6171 18.9144 25.1525 38.0730 51.2812 15.2920 50.6935 19.3192 
15.4296 21.8100 41.6500 50.3200 8.7800 19.1100 63.4600 28.8200 62.2900 14.1000 50.0600 40.1700 8.4200 54.6200 15.0500 23.7800 29.0800 3.2600 27.7400 34.9800 23.9400 22.2700 14.8500 28.7200 8.5400 20.3800 33.1300 42.7600 36.1300 59.4700 9.9100 25.6800 16.6200 11.6500 0.7500 19.8300 16.3200 23.7800 0.0000 60.8260 52.7736 13.0604 4.2313 25.3798 24.3436 14.9884 14.0448 67.5400 22.2660 29.0603 17.1496 
51.9332 39.1000 47.1000 92.0300 55.7200 64.0400 42.3300 64.7200 10.0900 46.4600 109.0700 78.4700 52.5200 100.3400 69.6200 39.4900 45.6000 57.3500 35.4600 65.5300 55.5400 38.2000 45.7400 34.6300 65.2000 51.7200 92.1900 90.1900 83.5200 23.3700 64.8100 44.9800 43.9000 51.0300 61.1300 45.2200 64.2900 44.7200 60.4400 0.0000 20.5542 56.8350 61.9620 70.8778 63.1944 67.1132 72.1620 89.1339 38.7320 89.4377 46.8363 
40.6832 33.5000 52.4100 91.8800 49.4800 50.6000 26.2100 64.0400 27.2000 37.9400 97.1700 78.5500 43.3500 84.4600 57.7300 28.2400 30.4100 48.5100 24.1100 66.5500 40.9500 30.6400 37.1800 23.1400 54.5200 38.2500 84.8400 88.0500 68.6700 9.7700 53.6800 44.2600 35.6400 40.7300 52.3600 33.3300 51.5000 31.3500 51.7700 18.0300 0.0000 44.9450 54.4020 67.1620 48.6044 55.2980 64.6020 68.5797 31.1720 79.5932 40.4178 
7.3320 22.4100 48.8000 63.0000 18.7100 9.4400 52.4200 40.4200 60.4100 13.4100 52.7100 52.6000 9.4100 48.4500 13.1300 17.1200 17.6900 10.7800 21.2500 46.2700 11.2700 20.2500 13.7500 22.1500 10.3500 8.2800 42.9500 55.3600 29.8500 51.1000 9.1200 32.1100 15.3900 7.1200 12.7200 11.5000 8.2500 13.7300 12.6800 56.5700 44.7200 0.0000 16.9113 38.0598 11.8473 10.3530 26.7248 55.7387 20.7820 35.2894 20.8014 
17.6696 22.4900 39.9600 47.1000 7.3400 22.1800 66.2000 25.8600 62.8400 15.7000 50.2100 36.9600 10.6600 56.7900 17.3200 25.9700 32.0200 5.7900 29.7900 32.0900 27.1600 23.5600 16.4600 30.7600 10.9600 23.4900 31.2400 39.6200 38.4900 61.6000 12.5700 24.4900 18.0900 14.2800 3.3800 22.4400 19.3200 26.5500 3.2300 61.4900 53.6400 15.9000 0.0000 26.9220 26.9736 17.7795 11.8450 70.5400 23.8760 31.6903 19.1296 
35.0896 32.9500 34.0400 28.1100 18.3900 41.0800 82.9600 11.0900 68.5500 30.7200 55.8600 17.9000 28.0800 71.8300 34.4200 41.5700 50.0600 24.4400 44.6000 16.9900 46.3100 36.1900 31.3600 45.4700 29.0200 42.2800 26.8200 21.8800 54.7100 75.4500 30.9000 25.3900 32.2800 32.1200 22.5600 39.6400 38.0900 44.1300 22.4600 69.9500 66.4500 35.0700 19.2300 0.0000 46.1536 35.8395 16.0038 89.1096 36.7220 39.5559 31.1958 
19.0620 32.2900 60.0400 73.4200 30.3800 5.9700 48.3600 51.9800 66.7700 24.0100 51.5900 63.6800 21.0400 39.6400 15.6500 23.2500 16.5600 22.2300 26.6300 57.9100 5.9800 29.1300 24.1500 27.2800 17.7800 10.2100 49.1700 65.1600 22.1100 51.3700 15.8500 43.4000 25.4300 18.0600 23.3600 17.8900 8.8400 16.8500 23.5300 61.4200 46.9300 11.7300 26.7300 45.9100 0.0000 13.8425 36.1661 43.8914 29.6620 39.8735 31.5182 
17.4820 31.3800 55.2400 61.4900 22.7200 7.2300 60.2600 42.6100 70.3800 22.2400 42.6000 52.7900 16.7100 40.8100 3.1000 27.2700 26.1700 14.6300 31.4000 48.8800 16.8500 29.8800 22.7600 32.2900 5.9300 16.8500 36.0700 52.7600 22.1700 60.6500 4.2500 38.8100 24.5700 16.3100 13.6500 21.6300 4.3500 23.3800 14.1400 66.7200 54.6600 10.1500 16.8100 34.8900 13.1500 0.0000 22.3236 55.5700 30.1760 26.3105 29.3428 
27.8396 32.3100 44.9700 40.8700 15.8400 27.5700 75.9000 25.6900 72.2100 26.0000 43.1400 33.0300 20.8300 56.1400 19.5300 36.2100 41.3300 15.7300 40.0700 32.0200 34.9700 33.7500 26.7600 41.0500 15.3200 32.2600 20.9700 32.1300 39.1300 71.8700 17.2500 31.4800 28.3600 24.1900 12.1200 32.3700 24.5000 36.2400 12.5400 71.4000 63.9400 24.0800 10.3000 15.6900 33.0900 20.6700 0.0000 75.7200 34.1760 23.5521 29.4296 
56.7210 67.2000 96.3100 114.3700 70.6500 46.1800 41.8600 92.4500 87.5400 61.4700 76.9800 104.6400 60.6500 44.8600 54.6900 54.7400 42.5200 62.9000 55.4400 98.1100 41.2700 62.8400 61.2700 55.3800 58.4800 46.3100 86.9500 105.8400 43.1900 57.9800 56.5400 80.6200 61.8000 56.9100 64.3600 52.2700 49.2500 48.2300 64.4800 78.7200 60.6900 52.1300 67.7000 86.9100 41.0200 53.0900 73.7200 0.0000 63.3720 78.0046 67.0192 
16.9570 4.6500 33.6500 62.7300 18.5800 28.9400 47.8800 35.5300 41.0900 7.9100 70.9400 49.9600 14.0000 67.9100 32.1200 8.0200 20.1700 18.8000 9.2100 39.5400 24.4000 0.3800 7.2000 9.9200 27.0000 18.9000 54.4000 57.8300 49.5200 39.5500 26.8800 18.5900 5.3500 13.2000 22.6000 11.2500 28.1300 14.5400 21.9200 38.5600 30.9000 19.8900 23.2300 35.9900 28.8000 29.5000 33.4300 62.6600 0.0000 50.8877 9.4336 
40.2035 50.5100 64.9600 50.0200 35.1300 32.5400 86.2900 44.0000 90.9700 42.6500 23.1400 47.0000 36.6300 44.2200 23.0700 51.0600 52.1100 31.7700 55.2400 49.9400 42.8200 50.9100 43.3800 56.2000 24.7800 42.6600 14.3200 39.6900 31.9400 86.0300 25.8200 51.5300 45.2100 38.6300 28.0300 45.9900 30.2000 48.6700 28.7400 89.1100 79.2600 34.9400 28.2100 32.9800 38.3700 26.0500 20.1300 73.7700 50.5600 0.0000 45.8896 
14.6492 5.4100 30.5400 55.5200 11.4900 28.1800 54.9400 28.6500 45.8400 5.5700 66.4700 42.9300 10.2200 67.0800 29.0900 13.8900 24.9500 13.7800 16.2200 33.0900 26.3900 7.5800 5.5400 17.0300 23.1700 20.8600 47.8000 50.4700 48.3900 46.9000 23.5500 14.0900 4.9400 11.6800 17.2200 14.4600 26.6400 18.7900 16.4900 44.4800 38.1300 18.7400 17.0800 28.6200 29.5700 26.9200 26.9300 66.6900 7.3700 45.1400 0.0000 
~
Delivery quantities;
10.16	26.84	47.92	71.69	77.77	48.85	93.32	50.34	95.59	18.85	84.54	66.19	76.01	85.75	86.89	1.77	69.74	16.54	35.28	14.98	11.20	13.77	68.02	80.22	54.03	85.55	64.90	37.07	52.80	67.63	92.22	88.19	36.98	61.50	26.22	39.41	17.71	41.46	79.73	21.57	49.08	23.92	11.58	38.58	1.25	18.84	92.76	47.28	10.38	11.43
~
Pick-up quantities;
10.94	20.26	55.00	105.68	69.02	64.17	53.29	63.07	75.19	10.27	74.99	75.17	60.56	55.89	69.89	1.75	81.66	13.22	33.76	18.45	6.34	10.63	50.27	114.98	36.98	121.98	83.47	27.92	73.76	90.93	126.31	57.28	54.85	44.35	28.85	40.72	22.70	36.51	96.69	27.44	36.70	12.28	10.78	53.05	1.34	28.25	86.61	66.72	8.80	16.47
~
Vehicle capacity; 
303.04	303.04	303.04	303.04	303.04	303.04	303.04	303.04	303.04	~
