Cost matrix;
0 26.4100 15.6000 36.4300 41.2300 3.8800 10.3300 17.1500 8.8600 7.1400 27.6700 10.4300 59.1400 18.4600 17.0400 16.3100 11.9400 5.0400 13.9600 11.5400 20.9300 19.9100 50.0600 8.8800 1.2500 29.7700 18.7600 4.1000 15.3100 9.8800 18.0900 2.6200 43.5900 24.9200 9.5600 16.2800 13.5700 14.0200 11.0600 33.6800 23.6800 42.3000 45.5700 35.9000 12.7900 14.2800 33.7300 3.2000 49.2500 46.7500 34.7400 
29.0510 0.0000 41.8900 60.5800 61.8228 26.5208 21.3823 17.6080 37.0808 26.7523 51.7700 29.5950 80.2100 42.4908 16.6128 18.5094 20.8150 24.3208 36.1410 35.8223 20.6938 22.9284 28.9124 37.3346 28.5246 50.8300 40.9100 26.4023 32.2528 35.2128 47.0376 27.4396 21.6324 8.1928 31.6523 30.9447 16.9023 30.3759 39.5339 61.5460 21.2184 70.5696 61.6054 64.0168 19.6263 18.9216 34.3154 31.2440 78.3010 75.4630 50.9383 
17.5533 41.8900 0.0000 31.7645 36.1096 18.0508 26.6600 32.2600 7.5908 20.6108 22.8045 20.7408 49.2072 18.3141 32.4450 30.8650 26.2650 19.3300 17.9708 16.0740 35.7208 34.2208 66.4608 7.9308 16.1908 23.0196 19.1840 20.1408 24.3108 17.0908 6.8796 17.5508 59.9008 40.8508 18.5708 26.6708 29.4908 25.3108 5.3808 19.6560 38.1527 33.6636 58.4574 28.3248 29.3048 31.0948 48.2363 14.3748 38.8566 40.0875 40.4687 
38.2965 60.4800 26.7300 0.0000 61.3535 36.4340 45.3340 48.6040 32.4840 36.2740 10.3040 46.4872 68.3904 21.7583 54.8640 54.2540 49.9440 38.8100 44.4872 28.4020 49.6059 47.6240 82.4946 33.5772 36.9340 49.6435 23.6040 40.7234 51.0408 43.8208 33.6096 37.9834 75.6946 62.5154 34.1697 52.1940 45.1146 38.9723 32.1108 25.3135 61.8317 46.5535 79.4235 14.0335 47.1100 49.8459 72.0265 37.0220 42.6532 49.9735 36.7422 
45.0954 58.7800 33.8700 56.3800 0.0000 45.8245 52.6566 60.0766 37.7966 48.8045 53.0466 38.0166 24.6500 50.0666 47.0761 49.2556 46.4656 47.6375 30.7166 47.9466 63.7145 62.4045 84.1000 36.9966 44.1845 13.8966 53.0540 47.9345 35.2756 35.7006 33.3222 45.2645 80.1800 54.6900 49.3045 38.6317 57.1945 54.9245 39.2508 38.9159 43.9200 20.1468 32.8160 52.5647 55.4750 55.0776 53.8112 41.8645 36.4061 28.1561 74.3387 
4.3266 26.1400 17.1600 35.0500 44.8700 0.0000 9.7060 15.3060 11.6194 3.6410 28.2794 14.4694 62.8883 18.4912 19.1960 18.8594 14.7794 2.3760 17.9883 11.6294 20.3094 18.8036 49.9944 11.8694 3.1283 33.6494 18.7694 4.2894 19.3494 14.0394 21.2394 1.5494 43.3561 26.0814 9.1930 20.6066 12.7761 11.4698 14.0725 36.6034 26.6671 46.5334 49.8966 38.1266 12.5244 14.9728 38.0566 5.4934 53.2164 51.0766 38.3542 
12.6296 16.7500 25.8900 43.9900 49.1200 9.4100 0.0000 7.5684 19.9271 11.6480 37.0525 17.4944 68.7416 27.3325 14.5884 15.2220 11.6466 9.1625 22.9216 21.0394 13.4732 13.5932 40.2884 20.0771 11.2671 42.3996 27.8333 9.7382 22.7160 22.5096 28.9578 10.9594 33.6784 19.0568 17.4533 21.8730 4.8832 14.4165 22.3802 45.1379 23.5343 54.9296 54.2384 46.8679 2.8184 5.2668 38.3256 14.0279 60.9348 59.3796 39.2265 
18.0522 14.2000 32.2600 47.1500 56.5500 15.1100 7.4600 0.0000 25.6700 13.6872 39.1672 23.8772 75.8872 29.4272 16.5110 18.1610 17.8310 13.1572 30.0772 22.7572 7.0040 9.7529 38.3645 25.9900 17.2672 46.6672 28.4272 13.3372 28.0072 25.6272 35.3500 15.7872 31.0845 20.5110 18.5872 27.3072 3.8372 17.3108 27.7300 50.0600 25.4610 59.9900 57.1710 51.7900 6.0325 6.7210 39.7798 18.9500 67.3022 64.7581 37.2485 
10.1091 35.2000 6.7400 30.2700 36.4700 10.6600 19.1600 25.6400 0.0000 14.3010 23.4231 14.2200 53.5500 16.8731 26.0400 24.7500 20.1500 13.0360 12.2200 12.4474 29.1866 28.0566 59.0166 1.3100 8.7466 25.3931 16.7066 12.9151 18.7999 13.9328 10.4131 10.8278 52.8384 34.7968 12.0190 20.2400 22.6051 20.9554 2.4531 25.3397 32.0377 36.1959 52.7066 31.7992 21.9784 24.3891 42.7254 9.4080 42.3901 39.5607 39.2995 
7.4256 25.6100 19.5700 34.9200 48.1600 3.3100 9.1000 13.2900 13.3800 0.0000 26.5553 17.7794 66.1983 16.7753 20.2564 20.2764 16.4800 3.4364 21.2983 10.0153 17.4726 15.1626 48.3060 14.6900 6.4383 36.9594 16.1853 6.1044 22.6594 17.3056 23.7931 4.8594 41.5135 27.1260 5.8053 23.7056 10.9335 7.8288 15.8331 38.7197 28.2529 48.8128 52.9956 40.6128 10.8360 13.5719 41.1556 7.7728 55.7701 52.9407 34.9665 
27.9925 51.5400 19.8300 8.9600 52.1000 26.1300 35.0300 38.3000 22.1800 25.9700 0.0000 36.4000 65.7552 11.4543 44.5600 43.9500 39.6400 28.5060 34.4000 21.1473 41.1829 38.9729 74.2760 23.4900 26.6300 42.8496 14.9529 30.4194 40.9799 36.1128 26.7096 27.6794 67.4835 52.2114 25.8250 41.8900 36.9035 28.6683 24.6331 25.3800 51.5277 46.0983 73.5625 14.1000 36.8060 39.5419 61.7225 29.1298 39.7580 48.6680 36.3622 
10.4300 26.8800 18.7100 43.9500 33.6000 14.1800 15.6200 22.9900 13.6900 17.2300 35.7300 0.0000 55.0816 28.8346 16.1539 13.6639 11.7652 15.4700 10.4945 21.6546 29.0932 29.2132 54.9007 13.4264 11.6800 27.4233 29.1181 14.5300 5.2216 6.2133 23.5460 13.0500 48.5124 24.9107 19.9900 6.9042 20.5032 24.4500 16.1294 38.3660 18.3330 44.9083 42.9928 42.7752 18.4384 20.0233 29.1471 13.6300 55.5230 49.8168 45.1700 
61.1152 78.3900 48.7200 65.7600 19.7200 62.5100 67.8600 75.3200 52.9600 65.7100 63.8400 52.6400 0.0000 67.0341 66.7961 66.3039 63.0564 64.8860 46.7364 64.7940 81.3332 80.8726 103.8200 54.2700 61.7066 33.6166 67.9040 65.0704 54.9956 51.7204 53.0422 63.7352 99.9000 74.4100 64.9790 58.3517 72.7432 73.5388 54.1008 50.1536 63.6400 28.8036 43.3242 61.3884 70.6784 72.3792 73.5312 61.5845 35.5784 31.7135 89.1887 
20.8366 41.7500 15.3900 18.7400 49.2500 16.5100 25.2600 28.6400 14.8400 16.1800 9.7900 27.4800 63.5000 0.0000 35.7060 35.3694 31.2894 18.8860 27.0600 9.6930 29.7286 27.5186 63.4818 16.1500 19.6383 37.9836 3.4986 20.7994 32.7016 28.0046 21.8436 18.0594 56.6818 42.5914 14.3707 34.3842 26.1018 17.2140 16.2946 30.3000 43.1771 48.6276 65.0355 23.8900 27.0160 29.7519 54.4055 17.6755 49.5480 53.4022 28.7802 
17.3808 12.2800 31.4800 53.2800 46.6100 18.3300 10.9200 14.6800 25.0900 19.3000 44.4100 14.8200 66.1800 34.8400 0.0000 3.4113 8.4666 18.7030 23.9252 28.9208 21.6840 23.8970 38.7468 26.2608 18.6308 39.4619 35.4853 16.8630 17.3019 21.0333 35.4708 19.8794 33.7995 8.7568 25.1053 14.3319 15.2170 25.3365 27.5431 50.4297 10.7520 55.4346 54.5642 53.2808 12.9470 13.2165 27.2742 20.5808 66.6308 62.6745 50.1465 
16.4731 14.6900 30.0900 52.7400 44.1500 18.1000 11.8000 16.5100 23.9000 19.4900 43.9400 12.7700 63.7300 34.5200 2.4900 0.0000 6.8540 18.2560 22.3894 28.0131 23.5140 24.3132 41.2368 25.2100 17.7231 36.8394 34.6700 16.4160 14.3994 18.9833 34.3131 19.0931 36.2895 11.2468 24.2900 14.2984 16.1532 26.2165 26.3531 49.2397 9.3483 55.6781 52.3268 52.3731 14.2932 11.7832 25.0368 19.6731 65.7231 61.4724 50.3474 
13.0146 18.1000 25.5000 48.3500 41.5800 14.1500 9.8700 16.2300 19.3000 16.0000 39.6100 8.7800 60.9400 30.3300 6.1800 4.6000 0.0000 16.5192 19.2745 23.5027 23.0724 23.4632 44.9268 20.6100 14.2646 36.2033 30.9792 16.0020 14.0016 14.9933 29.7131 13.7592 39.7324 14.9368 21.8053 12.5259 14.7532 23.8288 21.7531 44.6397 11.8877 53.6883 46.1799 48.8778 12.6884 13.2209 29.3513 16.0378 61.6901 58.5968 47.7546 
5.8960 24.0800 19.3300 36.8300 46.2500 2.2000 7.3300 12.9300 12.7600 2.8400 27.8900 14.6000 64.1500 18.1700 16.8200 16.8400 13.2000 0.0000 19.6488 12.8553 19.5580 18.0026 47.6184 13.4388 4.8388 35.2188 19.0253 2.6680 19.8216 15.6088 22.8088 3.1188 41.0084 25.5768 8.6453 21.5042 12.2132 10.6688 15.2131 38.0997 25.0877 48.1028 51.4660 39.6960 10.1484 12.5968 37.9344 7.0628 54.7858 51.6009 37.8065 
14.3788 34.4200 14.2800 40.9200 27.3700 17.7300 22.0400 29.4900 11.9100 21.0400 33.4800 7.5500 45.8200 26.7400 22.3600 20.2500 16.3200 18.9500 0.0000 23.8492 34.9440 34.2440 60.3940 13.2200 15.6288 20.0158 28.6166 18.3340 10.5468 4.9840 13.8380 16.9988 55.6110 30.9060 23.9290 11.7936 26.7648 27.7000 14.3631 33.3296 25.8830 38.0908 40.4866 38.2515 24.8584 26.2510 34.3629 17.5788 45.8150 44.6488 49.1188 
11.9800 34.8200 14.1000 25.8200 46.8200 9.3400 18.2000 22.2000 10.4600 9.2200 16.8700 21.2300 62.6800 7.1800 27.6600 27.3900 23.2700 11.0200 21.8800 0.0000 24.2377 22.3677 57.5260 11.7700 10.9400 35.4120 9.2416 13.6294 26.1000 19.8100 20.8731 10.8894 50.5377 35.4214 5.7677 27.4300 20.1535 14.6880 12.9131 33.7560 35.1577 46.6559 55.9800 30.9700 20.0560 22.7919 45.3500 8.6200 52.8501 50.0207 26.8521 
21.9060 19.3400 34.6500 45.5100 61.7100 17.9100 13.0600 6.8000 28.4600 15.1100 37.0000 28.5200 80.0100 27.8600 21.4800 23.2700 22.6200 16.0100 34.3700 22.5000 0.0000 2.7489 45.1645 29.4488 20.8488 51.2288 26.7546 18.6780 33.0674 31.4108 38.8188 19.1288 37.8845 27.3110 20.9153 32.3705 9.6208 14.9619 30.9131 53.7997 30.5828 63.9228 63.7648 51.1000 12.3448 13.5210 46.5798 22.8828 70.7958 67.6109 30.2445 
20.7960 21.2300 33.0700 43.2400 60.9800 16.6500 13.0400 7.8600 27.0300 13.6600 34.7600 28.1300 79.0500 25.7000 22.3100 23.9300 22.8400 14.9000 33.6100 20.5500 2.3100 0.0000 45.9512 28.3388 19.7388 50.1188 25.7530 17.5680 33.3516 30.5088 37.4431 18.0188 38.6712 28.3710 18.9830 34.6188 11.1488 12.2130 29.4831 52.3697 32.8928 62.4728 65.0310 48.8600 13.8728 14.5810 47.6398 21.4328 69.4201 66.5009 32.5545 
51.9422 25.1300 65.6300 79.9800 83.6200 48.7700 39.7500 33.8900 58.9000 47.1800 71.4100 51.9600 103.3100 62.0500 37.4000 39.7600 43.1900 46.5700 59.4800 55.9900 34.4700 36.7500 0.0000 59.8271 51.0171 75.9600 61.2246 47.2272 54.1594 57.4952 68.7078 49.6772 7.9352 33.3228 52.4772 51.7319 37.7272 48.9630 61.3531 83.9500 40.9836 92.8346 77.2372 85.3941 38.5941 40.6110 49.9472 52.8400 100.6848 98.1709 64.7145 
11.1091 35.0600 6.8400 31.0900 35.6000 11.0100 19.2100 25.8600 1.0000 13.8600 23.0800 12.9100 52.2400 15.8300 24.7300 23.4400 18.8400 13.0500 10.9100 11.4100 28.8900 27.5200 58.9400 0.0000 9.7466 25.6430 17.7066 13.9151 18.1316 12.6228 10.1196 11.8278 52.8884 33.4868 13.0190 18.9300 23.6051 21.6888 2.7030 25.5896 30.7277 36.4458 51.3966 32.0491 22.0284 24.4768 41.4993 10.4080 42.0966 39.8106 38.2621 
1.3625 26.9100 15.3700 35.4300 42.0200 2.8700 10.5300 17.0500 8.6600 6.1800 26.6300 11.6500 59.7600 17.3300 17.9300 17.3200 13.0100 4.4300 14.8600 10.3500 20.4400 19.3100 50.2700 8.8100 0.0000 31.1325 18.5608 4.1685 16.6725 11.2425 18.5130 2.0812 44.2084 26.2825 8.9748 17.6425 13.8585 14.0088 11.1131 33.8708 24.8977 43.6625 46.9325 35.6008 13.3484 15.6425 35.0925 2.7608 50.4900 48.1125 36.1025 
31.1988 50.8300 20.7900 43.9200 13.1100 33.1400 38.7600 46.1800 23.9000 36.3500 39.1500 24.1200 29.3800 36.1700 38.5900 36.2900 32.8100 34.7800 16.8200 34.0500 50.6700 49.6700 75.9600 23.1000 30.3800 0.0000 39.6686 34.5485 27.3668 21.8040 23.8872 32.4612 72.3895 47.3468 35.9190 27.6430 43.5848 44.1788 25.8030 36.5040 38.2600 19.7396 36.7719 49.1148 41.5784 43.0710 50.2123 32.9952 32.8830 24.6330 60.9021 
18.9325 40.9100 17.4400 19.6700 51.2800 16.3800 24.6700 27.4800 16.2200 15.5800 10.8600 28.2700 65.7600 2.3800 34.6300 34.4800 30.4400 17.8300 28.1000 7.2200 26.2300 24.0200 60.5900 17.2200 17.5700 38.2200 0.0000 20.4980 33.3200 27.0300 24.2236 17.9294 57.0935 42.4614 12.9877 34.6500 26.5135 17.3312 16.5418 32.6800 42.3277 50.2846 62.1756 24.9600 26.4160 29.1519 52.5700 15.8400 50.6180 53.6494 27.3916 
4.7150 23.2800 19.3200 38.0800 45.0200 3.0300 6.6700 13.1000 12.6200 4.6800 29.1600 12.9100 63.1300 19.5300 15.3300 15.2000 11.4300 1.8400 17.6500 12.3500 16.8900 15.9800 46.3400 12.7700 3.9700 33.7800 19.3200 0.0000 18.1316 13.3500 22.4830 3.7812 40.2700 24.0868 9.3730 19.8142 9.6900 12.5088 15.0731 37.4835 23.3177 47.0150 50.2850 39.2135 9.4884 11.9368 35.2664 6.3735 53.9650 51.4650 38.5342 
15.3100 28.6500 21.6100 47.7100 30.4100 19.0600 19.6900 26.8400 17.5700 22.0900 39.7500 4.8800 49.8600 31.9100 16.3800 13.9800 11.1900 19.4200 7.9900 25.9000 32.7400 32.5200 53.7400 16.6900 16.5200 22.4400 32.8400 17.6900 0.0000 8.6394 21.8280 17.9300 49.7261 24.8661 24.8700 3.3561 24.5732 29.3300 19.3930 41.2660 20.3868 42.1796 43.1538 46.2415 22.5084 23.9037 23.9255 18.5100 53.8050 47.0730 50.0500 
12.2625 30.4600 14.7000 40.4800 31.7500 13.7300 17.5900 25.0500 10.3100 17.0200 32.4900 4.1700 50.2700 24.8100 18.6500 16.7300 12.4800 14.7500 4.4500 19.1400 29.9600 29.2600 55.4100 9.4200 10.9000 21.2100 25.8600 13.3500 7.2600 0.0000 18.2880 12.9812 50.6270 27.4068 19.8748 10.6161 22.4732 24.8488 12.1230 34.3560 22.5030 38.6950 44.9366 41.4691 20.4084 21.2670 31.1855 13.6608 50.2650 45.8430 45.9921 
19.5125 43.6600 4.6800 29.8800 29.2300 20.3600 28.3900 35.1900 9.7300 23.1000 23.7400 18.5800 44.1200 20.0400 32.5400 30.8700 26.3900 22.4200 12.5800 18.5800 38.1900 36.7500 67.9800 9.3700 18.1500 16.1400 22.1200 22.0900 20.4900 14.4100 0.0000 20.1300 62.0684 41.2968 21.1500 23.8068 31.7800 27.8900 7.9600 19.4916 36.9130 26.7840 52.9119 30.1125 31.2084 33.6568 44.4155 18.2040 31.9770 34.7933 45.1487 
2.7772 26.0200 16.7100 35.6000 43.7300 1.2700 9.4000 15.5700 10.0700 4.5300 26.7300 12.9200 61.4800 17.2100 17.6800 17.3100 13.2300 2.7600 16.5300 10.0800 18.7600 17.6000 49.0200 10.3200 1.7200 32.1000 17.2200 2.7400 17.8000 12.4900 19.6900 0.0000 43.0100 26.4368 8.6697 19.0572 12.4300 12.3588 12.5231 35.0540 25.1177 44.9840 48.3472 36.5772 12.2184 14.6668 36.5072 3.9440 51.6670 49.5272 36.9321 
44.4650 20.0300 59.0700 72.7500 78.7800 42.0500 33.2600 27.0300 52.3600 40.3000 64.2200 46.3300 98.3700 54.9200 32.1900 34.6500 37.6500 39.8600 53.7600 48.9700 27.2400 29.5200 7.2800 52.4600 43.7100 70.4400 53.4100 39.7500 48.5400 49.5600 61.6300 42.3800 0.0000 28.2228 45.6172 46.5219 30.8672 41.7330 54.7600 77.0900 41.2484 85.8500 81.6354 78.3200 33.0625 33.7510 54.3454 45.9800 93.6070 91.2150 57.4845 
25.8008 6.1600 39.7900 60.5800 53.6300 25.5700 16.7500 16.9300 33.3000 25.8300 51.6400 23.1100 73.3300 41.9100 8.4200 10.3500 14.5900 23.7500 30.6000 34.7700 23.1300 24.6700 29.9900 32.9900 25.6700 46.4900 41.4000 22.5500 24.0600 27.0200 40.9500 25.1400 25.6000 0.0000 31.6353 22.7519 18.5737 30.3337 35.6930 57.9600 14.7549 63.8546 54.9572 61.1099 16.7137 14.2037 27.6672 28.2699 72.9270 71.0945 52.7679 
9.6725 30.8000 16.9400 29.7000 48.2100 6.3400 14.3300 17.9900 11.9000 5.2300 20.7500 19.9200 64.8400 10.9700 24.3100 24.2900 20.4600 7.4900 22.0300 4.2100 18.4700 16.6000 51.7800 12.6800 8.3100 35.7800 10.3800 9.1000 24.7700 18.6300 21.0900 7.4100 44.7700 31.0400 0.0000 25.9525 16.1635 8.9364 14.3531 36.5960 32.3477 47.8740 55.2425 34.8500 15.6247 18.3606 43.4025 8.9280 53.0670 49.3385 29.1612 
16.6500 26.3800 24.2300 50.0200 32.4200 19.8300 19.0200 25.8500 19.7600 22.6400 41.8900 6.2200 52.0200 33.7100 14.1900 11.7200 9.7100 19.8600 10.9200 27.3900 32.0500 32.0300 51.3700 18.9300 17.5300 25.1300 34.4700 18.0600 2.9700 9.6100 23.3400 18.6000 46.3700 21.5100 25.8400 0.0000 23.9032 30.4688 21.6330 42.8316 17.0307 41.3797 45.1172 48.9952 21.8384 22.9309 22.5693 19.8500 55.3170 49.3890 51.3900 
14.2150 16.4100 28.6400 44.2300 53.4500 11.5100 4.4800 3.6200 22.0200 9.8500 35.3300 20.0400 72.0500 25.5900 13.9800 15.3700 14.1400 9.3200 26.2400 18.9200 8.5900 8.7100 37.3800 22.2400 13.4300 42.8300 24.5900 9.5000 24.1700 21.7900 31.5800 11.9500 30.5800 18.0100 14.7500 23.4700 0.0000 13.4736 24.4731 46.9835 23.4440 56.5150 54.1440 48.2560 2.7240 5.0255 38.0843 15.8735 63.4650 60.9209 38.8345 
14.1972 28.3500 23.7100 33.0700 54.4800 10.1500 13.7300 14.3500 18.5100 6.9900 24.3800 24.2200 71.4600 15.1000 24.6300 25.2900 22.3500 9.7200 27.7000 10.2000 12.7600 10.6200 47.0400 19.2300 12.9400 42.2800 13.5400 11.5300 29.0800 23.8500 27.8600 11.4200 39.8700 29.9200 6.7700 29.5900 12.0300 0.0000 20.9631 43.1457 34.2377 54.6440 59.7672 38.4800 14.7540 17.0555 46.7964 14.6272 59.8370 56.1085 30.6965 
12.1725 37.4000 4.5600 28.7800 35.7500 12.6700 21.3300 27.7300 2.2100 15.2300 20.9700 15.3600 51.7300 14.4200 27.2400 25.9900 21.3900 14.8200 12.5900 11.1100 30.3400 28.8400 61.0800 2.5500 10.8100 22.9400 16.0600 14.7600 18.9300 11.7100 7.9600 12.1700 54.5200 35.4700 13.1900 21.2900 24.1100 19.9300 0.0000 22.8866 33.2777 33.7428 53.0766 29.3461 24.1484 26.4525 42.8555 10.9750 39.9370 37.1076 37.9621 
34.6725 60.0600 18.2000 21.7500 36.3700 34.7000 43.8300 49.7300 24.8600 36.5400 21.3700 36.0900 44.0300 25.2500 49.6100 48.1200 43.5600 36.9000 29.9800 28.7000 51.1000 49.2100 83.4700 25.0400 33.3100 25.3500 27.5600 37.1800 37.9500 31.9300 17.5600 34.4700 76.7400 57.9600 32.6300 40.8400 46.1600 38.8700 22.6600 0.0000 54.4230 26.9010 62.1219 13.6488 46.6484 48.9525 61.8755 32.5748 21.3480 29.2448 54.0302 
24.4631 16.8400 36.0400 60.0100 43.9200 25.8700 19.6900 23.4900 30.3700 27.4300 51.3300 17.4600 63.6400 42.1000 8.9600 7.9900 11.7700 24.7400 24.0700 35.0400 30.2800 31.2200 40.1800 29.7700 24.7800 38.2600 42.2000 23.0400 16.3500 21.6100 36.0000 24.9800 36.2600 10.7700 32.1300 13.4100 22.9400 33.2700 32.3100 53.5400 0.0000 54.7897 44.7536 60.2352 21.9070 19.7732 17.4636 27.5408 67.9770 62.7990 56.9962 
43.9325 65.8900 28.8700 43.0800 19.5600 44.9900 52.2400 59.4100 34.4800 47.8500 41.5300 39.0300 22.6800 42.3700 53.8200 51.6500 47.8000 46.9600 31.4800 42.8900 62.8900 61.5100 90.9000 34.0100 42.5700 16.1800 44.7200 46.4000 38.1500 35.5000 24.8000 44.2000 85.0000 61.9800 45.7900 40.9700 55.8600 52.5600 32.7600 21.3500 54.2700 0.0000 52.3760 34.9988 55.0584 56.7670 62.0755 43.0040 16.2593 8.0093 69.3387 
45.6700 51.9600 46.2200 72.4400 23.4400 49.3900 49.1900 55.6200 45.3500 52.4700 66.0600 35.2400 38.3400 60.1400 41.8500 39.5600 39.4700 49.8100 33.4600 55.2300 62.0900 62.2300 74.1800 44.3500 46.7400 30.3900 61.5600 48.0700 30.3900 36.2100 42.5900 48.1200 71.0700 45.8700 54.7900 30.2800 53.5800 59.4600 45.7900 55.6400 35.1200 42.6100 0.0000 69.2888 52.0084 51.3432 31.3835 48.8700 58.8693 50.6193 80.4100 
36.5225 61.8200 22.4800 11.0500 47.3200 35.6800 45.0900 49.7300 27.9600 36.5700 14.1000 41.1300 55.1700 21.7700 52.8400 51.8100 47.2200 37.7700 36.4300 27.5400 49.5800 47.4400 83.5100 28.5200 35.1600 35.6100 23.6400 38.5700 44.0400 37.1800 24.0900 35.8600 76.4600 60.8200 31.7500 46.7100 46.4000 36.8200 25.9700 11.2800 58.2800 32.5200 65.3900 0.0000 47.2680 50.0039 67.2996 36.1600 32.6280 35.9400 44.9080 
13.6050 15.3300 28.2100 45.1500 51.8000 11.3400 2.7100 4.7500 21.5100 10.3200 36.2000 18.2700 70.5700 26.4200 11.7700 13.1100 11.9600 9.1600 24.7500 19.5300 10.6800 10.9500 37.4700 21.6300 12.8500 41.4600 25.6000 8.8900 22.2200 20.3000 30.8800 11.5500 30.8600 16.2900 15.4700 21.3900 2.2700 13.6300 23.6600 46.0100 20.7200 54.8800 51.4200 46.8000 0.0000 2.7359 35.7947 15.2635 62.8550 60.3550 39.1170 
15.3750 12.9600 29.8600 47.5500 51.9600 13.3400 3.9900 5.1700 23.1300 12.6500 38.6000 18.3700 70.9600 28.8200 9.7900 11.4400 11.1100 11.2100 25.2600 21.8600 11.8500 12.5300 35.7800 23.1600 14.5200 42.0600 28.0500 10.6600 21.9300 20.8500 32.2700 13.3900 29.3600 13.7900 17.8500 20.7800 4.3700 16.1300 25.3100 47.8200 18.7400 55.9100 50.4500 48.9700 2.5100 0.0000 33.0588 17.0335 64.2470 61.4080 38.5642 
35.5146 27.0200 43.5200 69.1300 42.0400 36.5000 31.3600 35.3600 38.8700 38.4900 60.7900 25.1900 61.1100 52.0800 20.8200 19.5600 22.5000 35.7000 29.7600 45.2700 42.1300 43.1000 47.1200 38.1000 34.9300 40.0000 52.4900 33.9100 21.9500 28.8900 42.3400 35.4700 44.6200 20.9600 42.8400 19.2900 34.7900 44.7100 40.5100 59.6300 11.8800 56.1000 27.2900 65.9800 32.5500 30.6100 0.0000 37.6908 72.3593 64.1093 68.8762 
3.3600 29.2000 13.3100 33.2400 41.4500 3.9600 12.7200 18.9500 6.7200 6.9400 24.4900 12.7100 58.7900 15.3700 20.2000 19.5100 15.1300 6.0500 14.7200 8.6200 21.8500 20.5400 52.4000 7.0400 2.3200 29.4600 15.8000 6.0700 17.4800 11.1900 16.4000 3.4000 45.7800 27.9900 7.4400 18.8100 15.3300 13.0600 8.7800 31.1100 26.8400 41.0400 47.3600 32.8400 14.9300 16.7200 36.7300 0.0000 48.3770 45.8876 35.4721 
50.4800 74.9900 33.8100 36.7700 35.3300 50.9700 59.5900 66.0700 40.4800 53.2100 38.6000 49.0300 34.2100 43.0300 63.6000 61.7400 57.4200 53.1400 41.8000 46.0400 68.1300 66.3600 99.2900 40.3800 49.1300 29.9000 45.3500 53.1000 49.4500 45.0100 31.3500 50.5200 92.8300 72.0100 49.7900 52.4200 62.4500 56.2500 38.3500 17.7900 65.7900 15.7800 58.2700 25.8100 61.9800 63.5200 69.4400 47.1200 0.0000 8.9100 70.7180 
48.2025 71.5100 32.0700 40.9600 27.3300 49.0000 56.9800 63.8700 38.3500 51.6000 41.0900 44.8800 26.6500 43.7300 59.6900 57.6400 53.5500 51.0900 37.4000 45.5000 66.7100 65.1400 96.2800 38.0500 46.8400 23.4600 46.1100 50.7700 44.5900 41.0800 28.6900 48.3700 90.1200 67.9900 48.8500 47.4900 60.2700 55.5500 36.3800 19.7600 60.8900 7.9300 50.5100 29.9500 59.5200 60.8000 63.4500 45.0500 8.2500 0.0000 72.3521 
34.9225 45.1800 39.2900 32.2300 72.8100 30.9700 34.1100 31.5700 36.5300 28.0600 27.3400 45.1500 87.8400 24.3900 44.8700 45.9100 43.3800 30.8600 47.5600 26.0700 25.8500 23.9800 56.2200 37.4600 33.5600 59.9000 22.0900 32.6900 50.0300 44.2000 43.9700 32.2400 49.1400 48.5100 25.5800 50.7100 31.0200 21.1700 37.0700 48.2500 53.7700 66.7100 80.2900 41.2000 33.1500 35.3800 65.4700 33.0100 65.8200 67.5800 0.0000 
~
Delivery quantities;
3.82	61.92	77.53	84.47	3.46	62.38	33.37	13.32	82.43	12.00	94.90	37.25	54.54	39.73	57.38	34.69	8.76	86.14	95.59	31.78	90.19	18.27	81.53	26.06	59.02	0.01	93.94	9.01	62.86	60.17	63.43	61.32	62.93	20.02	62.55	51.50	38.78	23.74	72.90	35.20	6.92	51.40	21.23	2.29	24.82	22.53	10.86	87.27	5.29	0.83
~
Pick-up quantities;
2.63	38.90	46.78	79.09	2.14	45.73	45.34	7.81	117.12	16.83	70.78	19.12	29.04	53.88	52.42	40.95	7.98	59.69	94.92	22.17	76.88	13.93	73.50	20.94	33.94	0.01	94.28	6.46	46.41	67.35	72.27	57.93	55.50	11.20	81.67	75.44	19.61	25.50	107.66	32.42	6.34	74.02	22.68	2.09	24.24	32.86	13.17	81.97	5.57	0.97
~
Vehicle capacity; 
275.29	275.29	275.29	275.29	275.29	275.29	275.29	275.29	275.29	~


