Cost matrix;
0 13.7700 16.1100 18.4900 41.8200 2.5900 12.9500 56.0900 29.4800 19.2800 13.6100 41.0900 18.6000 45.9600 26.8900 37.3000 33.4300 7.2900 50.6200 10.4900 13.3700 13.4300 10.3100 17.8500 20.6200 21.7000 10.3700 17.6200 25.8900 37.9100 21.9900 13.8100 13.8600 35.4500 17.4100 43.0300 4.3400 46.7600 46.9800 50.3600 47.9100 58.2000 19.8500 10.0200 30.6200 12.8600 16.3300 14.2100 10.6400 10.7900 43.5900 
15.1470 0.0000 21.0200 9.2416 30.9100 16.9806 2.9025 68.9606 32.9140 20.6164 22.0112 54.9806 13.0364 48.4006 18.7816 37.5732 46.2406 21.0383 46.0950 6.6906 19.5467 26.0406 7.1867 32.2406 10.9392 23.1700 23.9100 10.9242 23.5832 51.2840 32.8599 17.5240 14.9040 26.4922 29.4106 45.1392 10.3206 61.5345 39.4754 54.1312 60.9264 51.1892 12.2492 18.9913 33.1530 16.7512 31.4770 26.4822 20.5417 11.4912 36.5142 
18.9275 21.0200 0.0000 30.2616 43.6759 19.4445 20.9514 52.0235 46.7945 9.6841 3.7145 52.2000 14.7359 63.3545 28.9081 25.4336 29.3035 15.6600 40.3536 24.6945 30.7839 13.8740 24.7245 32.7839 31.9592 8.2336 18.2539 31.5414 21.1683 52.1539 16.1558 30.9945 30.3345 45.6714 13.9940 60.1345 16.6645 62.3139 52.2413 37.0008 61.4739 70.7714 32.3014 7.4045 47.9639 7.6314 27.7339 10.3140 6.7839 12.9440 52.5815 
19.7316 7.2200 28.1600 0.0000 29.1076 20.0220 10.1225 74.6846 28.1710 26.7784 28.9546 56.2110 19.1984 41.6810 19.3476 42.8004 51.9646 26.5920 52.7054 8.8220 18.8510 31.7646 9.3181 31.5410 3.9125 30.3900 29.9746 4.1610 29.7452 49.1610 38.8646 16.3825 13.7625 17.9882 35.1346 35.8976 16.0446 55.5976 32.3576 61.3512 60.2307 41.9476 3.0076 25.6750 29.0745 23.9712 35.7863 32.2062 27.2254 18.7112 28.1882 
43.2470 28.1000 43.5200 25.9700 0.0000 44.7382 29.9682 93.8482 54.1410 36.7082 44.8382 82.1810 29.3482 66.6317 15.9782 48.3492 72.1265 49.1383 50.4698 34.7906 44.8210 53.4797 35.2867 57.5110 29.8825 43.0212 52.0100 30.1310 34.3592 75.1310 56.4502 42.3525 39.7325 23.8517 54.8365 59.1054 38.4206 81.5676 8.5654 65.9655 84.6300 38.3572 28.9776 43.9797 51.4485 39.6502 59.5770 51.1565 45.0997 35.9597 22.3142 
3.0821 15.2800 18.3900 19.1800 43.3700 0.0000 16.0321 56.7104 31.4595 22.3621 16.6921 42.7127 21.6821 47.5826 29.9721 40.3821 34.1604 7.7004 53.7021 12.3346 15.3495 16.5121 11.9246 17.9127 22.9009 24.7821 12.0882 20.7021 28.9721 40.9921 24.4860 15.0426 16.9421 36.7608 20.4921 45.8919 7.3926 49.8421 50.0621 53.4421 50.9921 61.1131 22.1731 13.1021 33.7021 15.9421 19.4121 17.2921 13.7221 13.8721 46.4379 
15.9285 2.2500 18.8400 9.4700 28.9400 14.7700 0.0000 67.3888 35.1640 18.5127 19.7788 55.0883 10.9327 49.2800 18.8865 35.4695 44.8988 20.5483 44.1064 8.9406 21.7967 25.3883 9.4367 31.5883 13.1892 23.2780 23.5983 13.1742 21.4795 51.6483 29.9574 19.7740 17.1540 27.4582 27.5988 45.3676 9.6683 58.6320 37.5054 52.3480 63.1764 51.4176 12.4776 16.0888 33.0200 14.9680 32.2585 24.4192 17.6392 9.7080 37.6582 
58.4705 68.3100 50.1500 74.3300 93.6300 56.1100 66.6000 0.0000 82.7304 59.8341 50.3400 68.9932 64.8859 99.2404 78.3900 72.6528 30.8992 53.0400 87.5728 67.2800 66.6204 47.1100 67.2100 65.2120 77.3500 55.4528 52.5200 74.7000 70.0400 63.5355 47.8750 70.2357 71.5900 91.3900 47.2300 97.1628 59.0900 81.9245 100.4400 69.0000 75.4599 115.3200 76.4400 51.4200 87.8500 55.8800 56.1720 43.5500 52.9704 61.0440 101.3833 
30.5021 31.5500 45.5400 27.6400 50.9400 27.4200 33.1300 76.8700 0.0000 48.7077 44.1121 48.8500 44.0627 23.1018 43.1788 66.4877 59.2244 34.7177 77.2364 29.9977 17.2377 41.4044 30.4938 28.1912 26.1388 52.2021 35.5144 28.6924 54.0825 40.0298 50.9561 20.8530 24.4936 37.3824 45.0561 17.0978 34.5529 36.6931 54.1224 80.8621 40.5648 46.3524 27.6047 40.5221 7.2924 43.3621 40.1034 44.7121 41.1421 41.2921 47.5824 
20.0512 17.8900 8.5700 24.9600 35.9300 21.8700 15.6700 58.2100 47.0100 0.0000 11.8128 59.1240 9.0960 63.4004 22.1811 23.5130 37.8735 22.6040 37.5360 22.0704 32.0804 21.9947 22.2704 37.7840 28.8292 6.3130 24.5347 28.6404 12.5860 57.6140 24.2541 31.0704 29.8504 42.5963 22.5640 59.0604 16.8604 66.8112 44.4954 45.5708 67.2240 66.5704 27.9676 12.7840 47.3004 7.6840 34.0147 18.8840 13.0647 9.9004 52.7963 
15.2130 20.5000 3.2300 27.4400 44.6600 15.7300 18.4500 49.0200 43.0800 11.0400 0.0000 48.9702 16.2880 59.6400 29.1080 28.6636 29.3313 13.0294 43.5836 20.9800 27.0694 11.9994 21.0100 29.0694 30.3300 11.4636 14.5394 28.3200 21.0580 48.4394 12.4413 27.2800 26.9100 44.1300 13.3897 56.4200 12.9500 58.5994 51.4380 40.2308 57.7594 68.5900 29.6700 3.6900 44.2494 6.1880 24.0194 9.7097 3.0694 11.5006 54.3300 
41.0900 53.5000 51.2000 54.9600 80.8400 38.8500 53.4100 50.3600 39.0800 58.1800 48.0100 0.0000 59.6900 55.1115 67.9800 76.1889 52.4610 38.7589 90.7689 49.2558 38.7920 41.5589 48.9720 25.7920 56.8473 59.0689 35.6689 53.6773 66.9800 18.4015 53.4889 42.4073 46.0753 72.4003 47.5889 56.1778 45.4300 26.4208 87.1325 85.9821 12.8835 85.4324 57.7825 48.3704 46.3724 53.6744 37.7566 45.9021 48.8594 51.8800 82.0356 
19.3440 11.9600 14.5900 18.4600 28.9400 21.0800 10.0300 64.7300 43.0400 7.5800 15.9800 59.4900 0.0000 59.3100 14.1722 24.5368 43.1120 24.9057 33.5070 18.6506 30.6012 25.0820 18.2412 37.1940 22.3725 13.8930 27.2320 22.6210 10.5468 57.2540 27.1020 29.4840 26.8640 34.5874 26.0520 54.3576 16.5157 66.1040 37.5054 48.4720 67.2540 60.4076 21.4676 15.4020 43.0500 10.3020 35.6740 23.2120 16.4320 9.5557 44.7874 
47.0621 46.1500 61.9300 40.8400 60.0100 43.9800 48.0100 91.9400 16.6200 62.7600 59.5700 48.9700 58.0400 0.0000 59.1220 82.3890 75.8444 51.3377 91.5470 45.0020 33.8577 58.0244 44.7220 44.8112 42.0820 67.7790 52.1344 40.9120 68.5868 47.2868 67.5761 36.3620 37.0120 46.4475 61.6761 11.9475 48.3990 34.3368 63.3549 97.4221 50.4108 46.5198 42.8220 57.0821 19.5120 59.9221 56.7234 61.2721 57.7021 56.4030 50.6259 
27.4278 13.8100 27.8600 15.0700 15.8200 28.7600 13.9900 77.8700 42.7100 20.7300 28.8600 67.2900 13.3700 55.2500 0.0000 34.3894 56.4820 34.5383 37.4821 20.5006 33.3567 37.5015 20.9967 45.2778 18.9825 27.0430 37.5883 19.2310 20.3994 64.0475 40.4720 30.2875 27.6675 20.4152 39.4220 48.8941 23.6583 70.6676 24.3854 53.8638 74.7364 46.5045 18.0776 28.0015 43.5710 23.6720 43.7578 35.8615 29.1215 19.9815 30.6152 
37.6730 33.5000 23.8100 39.6300 39.4900 39.8900 31.5800 65.1900 64.3900 18.0200 27.0200 75.0100 21.5600 79.5900 29.0100 0.0000 50.2940 39.4700 22.5256 38.9297 50.1004 36.8540 39.2797 55.4586 43.0197 17.5440 41.5594 42.9597 14.4097 75.2886 39.4613 49.0904 47.8704 49.4252 34.8100 75.5276 34.8804 84.4330 48.0554 26.6040 84.3640 75.5145 42.6376 30.4586 64.6000 25.3586 51.0394 34.1240 30.0894 27.9204 59.6252 
36.4387 45.6200 28.4500 51.6100 71.4800 33.6000 43.9500 22.7200 56.3800 36.8900 26.8600 39.1500 42.8100 72.3100 55.6600 47.3100 0.0000 31.7182 68.6170 44.2279 43.7274 24.8460 44.7240 46.5918 55.1364 36.6836 31.0601 53.3782 47.9180 57.5515 21.9570 46.9248 50.2682 69.5982 22.5030 73.4778 37.7682 65.5708 78.2980 51.8778 51.6615 93.0064 54.0664 30.0982 63.6724 33.0480 37.5518 22.2282 29.9294 38.3606 78.3312 
9.8415 20.8300 15.6600 25.7700 48.6800 7.1300 19.7400 49.0100 32.9200 21.7000 12.4800 36.5400 23.3300 49.5400 33.3800 39.1000 26.4600 0.0000 55.4235 19.4646 22.4795 10.2778 19.0546 20.6078 29.6825 23.8936 4.3878 27.4615 30.6135 37.3110 20.8064 21.5717 22.4531 43.7582 16.3078 50.0178 14.1815 48.6810 56.2328 52.6608 46.1710 67.7176 28.7776 13.0935 40.2124 18.3975 12.3310 12.9064 14.6439 15.5035 53.4315 
51.7912 43.9000 38.6200 48.7000 39.7400 53.2100 42.4100 79.2600 75.4500 31.7400 41.7600 89.7200 32.8500 89.5400 35.0300 15.2200 62.3500 53.4000 0.0000 50.5906 63.2470 52.0740 51.0867 69.5240 52.6125 32.7640 56.2747 52.8610 29.6297 89.3540 51.3260 61.4240 58.8040 53.7926 50.0300 83.9241 47.7870 97.2400 48.3054 38.5176 98.9640 78.0972 51.7076 44.5240 75.4300 39.4240 65.7310 48.9340 44.8047 41.6404 62.0542 
10.9096 5.6700 22.1900 8.0200 32.7300 11.2000 6.7400 66.4900 26.4800 21.1600 20.8500 48.2900 16.5500 41.7100 19.2700 37.9800 43.7900 17.7700 49.1400 0.0000 12.8561 24.0061 0.4961 28.3187 10.9085 26.7696 21.2796 9.8461 27.0968 45.7487 31.6300 11.9887 9.3687 25.5485 27.4100 38.9724 11.3436 56.7041 38.7869 56.6194 54.2358 48.7785 9.8385 20.4022 26.4624 19.2394 26.9643 23.7300 19.3863 13.9794 34.1033 
14.4521 18.4300 29.4500 17.8300 43.7900 11.3700 19.3400 64.6800 16.1100 31.4700 26.9700 37.4200 28.5200 32.6200 31.7300 49.2500 42.8700 17.4800 61.3800 12.7600 0.0000 25.8412 13.2561 18.2000 18.0553 36.1521 19.9512 14.8853 36.8448 37.3753 35.8560 3.6153 7.2833 33.6083 31.8621 30.5424 17.3152 43.8480 48.3405 64.8121 41.3797 53.6524 18.9905 24.4721 22.6944 27.3121 22.8657 28.6621 25.0921 25.2421 43.6303 
14.7730 25.5200 12.8300 31.4100 52.2700 14.0800 23.9600 42.9200 40.1100 20.7800 9.8200 38.6400 24.6900 56.7000 36.5400 36.4800 20.2000 7.2800 51.4200 23.6300 24.7600 0.0000 24.1261 22.5812 34.5385 20.2332 6.3612 32.3930 30.8332 44.2239 11.9300 28.3753 28.6330 49.1785 6.0300 55.3024 19.1130 55.5939 60.8354 44.4232 51.5235 72.4085 33.4685 12.2132 45.3930 16.0080 19.2439 4.3432 12.5020 21.3206 57.7333 
11.3196 6.0800 22.3000 8.2500 33.0900 10.9400 7.1200 66.3500 26.1400 21.4100 20.9000 47.9000 16.8900 41.4200 19.6800 38.3000 43.6500 17.5700 49.5100 0.4100 12.3600 23.5100 0.0000 27.8226 11.3185 27.0533 21.6896 9.3500 27.4368 45.2526 31.7502 11.4926 8.8726 25.9585 27.8200 38.4763 11.7536 56.2080 38.2908 56.1233 53.7397 49.1885 10.2485 20.0302 25.9663 18.7433 26.4682 24.1400 18.8902 13.4833 34.5133 
18.3921 28.9400 31.8100 30.1800 56.0500 15.3100 29.0900 55.3500 21.5200 36.8200 28.6800 24.8000 36.3600 37.0500 42.7500 54.7100 35.2700 16.2600 68.4100 23.5700 13.0000 22.0400 23.1800 0.0000 31.0553 40.0436 19.6262 27.8853 44.2821 26.8938 33.9700 16.6153 20.2833 46.6083 28.0700 37.6300 22.7026 35.1407 61.3405 66.4632 37.6835 66.6524 31.9905 28.4121 28.8124 31.2521 12.3848 26.3832 29.0321 29.1821 56.2436 
21.0996 10.3200 31.1600 3.1300 26.2000 21.0100 12.5700 76.6800 25.8800 28.0900 30.3300 55.3200 21.5500 38.3400 17.0400 42.6000 53.9800 27.8500 51.3000 10.1900 17.9100 33.8100 10.3300 30.6900 0.0000 33.4900 31.2880 3.5280 29.0659 48.5280 41.3859 15.7495 13.1295 15.5530 37.6000 34.3559 18.8259 54.0559 30.8159 62.0359 59.2897 40.4059 1.4659 28.4563 30.0181 27.0712 35.6952 33.9200 29.2202 21.8112 25.5750 
25.0730 23.1700 6.6400 30.3600 41.5200 24.1600 20.9200 53.3200 50.6700 5.9000 9.8600 57.8200 13.4800 66.7900 26.5500 17.2000 32.7500 22.1900 32.1200 25.7400 34.7400 19.3100 25.9300 38.2100 33.4800 0.0000 24.3994 32.9885 16.5120 58.2994 22.3013 34.6776 33.9476 46.9652 19.1224 63.4085 19.7676 68.4594 50.0854 41.9760 66.8200 72.1685 33.3676 13.5500 51.6485 11.3375 33.8794 16.9540 12.9294 14.2485 57.1652 
10.6811 23.9100 16.7600 28.8400 51.6900 9.9900 22.7800 46.1300 34.4800 23.5900 13.5400 34.6300 25.8800 51.0200 36.3200 40.5200 23.7100 3.0900 55.1000 20.8300 19.5600 5.8900 20.6200 16.2200 30.8700 23.4000 0.0000 28.3011 32.7334 38.8040 17.8200 23.1753 24.5411 46.1311 11.9200 50.1024 15.0211 50.1740 57.6611 50.3132 47.5135 68.8811 30.4414 14.3305 41.3011 19.0505 13.8240 10.2332 13.1905 18.5935 54.2711 
18.3396 9.1800 29.2300 3.6500 29.1800 17.8300 11.3500 73.7100 24.0100 27.0100 28.1200 52.0500 21.0500 37.5200 18.7200 42.4800 51.0500 24.7700 52.0500 7.4300 14.6900 30.9500 7.4800 27.3800 3.3600 32.1200 27.7600 0.0000 31.5968 45.0000 38.7728 12.2215 9.6015 18.9130 34.8400 36.9952 15.9528 56.6952 33.4552 62.6918 56.0697 43.0452 4.1052 25.5832 26.5360 25.3118 32.1672 31.1600 26.3702 20.0518 28.9350 
27.3340 19.6900 17.2100 25.6400 29.6200 28.4500 17.9000 66.1200 51.0000 8.6800 19.7000 66.1300 7.9900 65.8400 16.1900 13.9900 45.2900 29.6000 24.9500 24.5200 36.4800 29.3800 24.8700 43.7400 28.6100 12.8000 31.7800 28.5500 0.0000 65.1699 32.1413 35.4960 33.7426 36.6052 31.2040 61.5376 23.4299 73.8099 38.1854 40.5940 75.1299 62.6945 28.6476 21.3083 50.5818 16.2083 41.9310 27.5240 21.7447 16.4699 46.8052 
38.4621 48.3600 51.0300 48.3000 74.1800 35.3800 48.7800 60.5100 28.1900 56.7000 47.8200 12.3500 56.4200 36.7100 62.0300 74.4400 45.8800 35.4100 88.3900 42.7800 30.5100 39.6600 42.3700 20.0700 48.0400 57.6000 34.4500 45.0000 63.8000 0.0000 51.5900 34.1253 37.7933 63.5930 45.6900 45.2878 42.7726 18.3890 78.4552 84.0832 11.9244 74.5424 49.1052 48.4821 35.4824 50.9286 32.4548 44.0032 47.6405 49.2521 72.3238 
23.6895 31.3500 11.8400 38.1200 55.3400 23.3200 29.3700 38.3000 50.1500 20.0800 11.0100 46.2300 26.4300 66.7700 39.6300 31.4400 16.8900 17.2400 46.6600 31.0200 34.5000 10.2400 31.0100 32.1700 40.8900 15.9000 16.1200 38.4300 28.4000 48.8700 0.0000 36.5190 36.8090 54.6972 8.4960 65.0424 23.3372 63.0490 62.0200 37.9842 59.1135 79.1172 40.1972 14.2572 53.0690 17.1980 26.9390 8.7690 13.1172 22.5106 64.4215 
14.6386 15.9700 29.4600 14.5400 40.4400 12.3300 17.1800 67.2100 16.5100 30.5100 27.2600 40.9200 26.8100 32.5400 28.8400 47.9700 45.1200 19.0900 59.5400 10.4400 3.5100 26.2900 10.0600 16.5000 14.4400 34.2700 21.5100 11.2700 34.8000 33.7600 35.6300 0.0000 3.6680 29.9930 32.0486 33.6078 18.9786 47.3580 44.7252 64.4518 44.8897 50.0371 15.3752 24.0618 21.5680 27.4986 22.9596 28.8486 25.2786 23.2870 40.0150 
15.9121 13.8000 28.8900 11.9300 37.8100 12.8300 15.1900 68.5000 18.0100 29.2200 26.9100 43.4800 25.0300 33.5500 26.3500 46.4000 46.2000 19.8700 57.6000 8.4900 6.0600 26.9000 8.1400 18.9500 11.8500 33.3200 22.5000 8.6500 33.0100 36.3800 35.8600 2.6200 0.0000 27.4030 32.9300 32.2850 15.7398 49.9080 42.1052 64.2633 47.4397 46.3691 12.7552 24.8454 19.7750 26.8833 25.5796 30.1221 26.3958 21.6233 37.4250 
35.8796 23.0500 43.5500 16.9700 17.4100 36.0400 24.9900 91.2000 35.3300 38.3400 43.4200 69.4200 30.8300 42.7800 19.6300 48.6300 68.4800 42.7400 53.2600 24.9700 32.2100 48.2900 25.1800 45.2000 15.1000 44.2000 45.7900 18.4300 35.5800 61.0600 54.3600 28.7000 26.2900 0.0000 51.9984 47.2650 33.0146 69.1559 16.9074 69.8500 72.9844 30.1509 16.5659 41.0788 41.5242 39.1812 50.5972 48.3184 42.6292 34.5412 10.2000 
19.2730 28.4800 12.2300 34.7900 54.2500 18.3400 26.7200 39.8800 44.6100 20.7600 9.9400 41.1600 25.8500 61.2000 38.4400 34.8100 17.3100 11.7500 49.9700 27.2300 29.2100 4.5000 27.1500 26.2700 37.3500 18.0400 10.3000 34.6300 29.4300 43.1800 5.9000 30.6300 31.1200 51.4800 0.0000 59.7524 19.9560 58.6960 60.7352 43.8842 54.0435 76.0085 37.0685 12.2860 47.3993 16.1280 22.5860 4.4160 12.3641 19.7152 61.3333 
43.8586 40.7800 58.4600 34.7400 51.8600 41.4100 42.8200 92.9700 16.1300 58.1700 56.4200 53.5100 52.7400 8.8500 48.4100 74.2100 72.2200 47.7000 83.2000 37.0300 30.2400 54.9800 36.8100 37.6300 31.9500 62.7000 49.6300 31.7300 60.2800 41.6600 64.6900 29.2200 29.5700 34.5000 59.4400 0.0000 45.3098 43.1868 51.4074 92.9333 53.5844 34.5723 33.4159 53.2818 15.2622 55.5533 50.0148 58.0686 54.4986 50.2933 38.6784 
6.3798 10.0200 14.7100 15.7300 37.8100 6.6600 8.8700 58.6400 31.2900 16.0600 12.9100 45.4200 14.4400 47.4500 22.6700 33.9900 35.9200 10.8800 46.8500 8.2200 15.4600 15.7200 8.1900 21.9200 18.2600 19.3800 13.9300 15.6400 21.9700 41.9800 22.8200 14.9100 14.1800 32.5700 19.0900 43.7500 0.0000 53.1398 46.3754 50.0204 53.9044 56.9985 18.0585 9.6304 33.9550 11.8680 22.7098 16.1616 11.1808 8.0040 42.3233 
47.2421 54.9700 61.3300 53.2800 78.2500 44.1600 55.8400 73.2600 28.0100 66.0200 58.2000 23.5900 64.5600 30.1200 67.9900 84.0200 58.7400 45.7500 97.2400 49.3000 36.5400 50.9200 48.9000 29.5300 52.2900 67.7200 45.3400 49.7000 72.3200 12.9500 60.6000 39.1800 41.6400 63.2700 54.7700 37.1500 50.3900 0.0000 80.1774 95.3432 16.0740 71.7223 53.7559 57.2621 35.3024 60.1021 41.9148 55.2632 57.8821 58.0321 73.4700 
48.1196 33.2400 50.2800 29.7200 7.5800 48.2600 34.4300 100.2000 52.0000 42.9900 51.1800 84.4900 35.7700 59.0800 22.4200 47.0500 77.8400 54.0700 46.6700 37.2100 47.0800 58.2500 37.5400 59.8000 29.1800 48.6900 57.1400 32.4400 37.0400 76.9500 62.0200 43.6100 41.0200 16.7400 60.5400 50.5400 43.2200 79.8500 0.0000 69.9122 88.4597 32.2390 30.6459 49.8604 49.6088 46.0720 64.0082 57.7204 50.9804 41.8404 13.7488 
52.2230 51.5800 34.2600 58.5200 61.6500 52.6500 49.3900 55.2000 79.6900 33.7500 37.0100 80.2300 40.1600 95.9200 50.3400 22.1700 44.3400 48.9800 29.1800 54.7700 63.6500 43.4500 54.9900 65.1500 61.6400 29.1500 49.0400 60.7400 34.2700 82.9800 34.2200 63.3800 62.4700 69.8500 39.8000 91.7900 48.4700 94.3600 69.2200 0.0000 93.1135 96.8445 61.5276 40.7000 80.7985 40.4875 61.0294 42.9890 40.0794 43.3985 80.0500 
48.4921 58.7500 60.1900 58.7600 84.6300 45.4100 59.1100 62.4300 37.5600 66.3400 56.9600 12.2700 66.4900 43.3600 72.4600 83.8500 51.1500 44.7700 98.0800 53.1900 40.9700 48.2200 52.7800 30.1700 58.4700 66.8200 43.4400 55.4500 73.7200 10.4600 56.7500 44.2200 46.8400 71.2900 51.3100 49.5300 52.0600 14.1000 87.3100 90.9600 0.0000 83.9124 59.5552 57.7705 44.8524 61.3521 42.5548 52.5632 56.6305 59.2821 81.4900 
58.9696 47.7000 68.6700 40.7400 37.2400 58.0600 49.8400 114.1700 45.2000 64.0100 68.1600 84.1000 56.5500 42.6100 45.1500 73.9700 91.6000 65.1700 76.7600 48.0600 50.6100 71.5900 48.1400 62.7300 37.9900 69.8300 68.0400 40.6600 61.2700 73.3800 78.8500 47.5700 45.9100 25.7700 75.2900 34.2300 56.2300 71.0000 31.3000 95.4900 82.4000 0.0000 39.4559 65.8604 39.4506 63.7592 70.5296 71.7900 67.0302 58.4992 22.6218 
20.2796 9.2600 30.1300 2.0600 26.1000 20.3300 11.5100 75.8500 26.4400 27.0200 29.3300 55.1500 20.5000 39.1800 16.3400 41.5900 53.1500 27.1000 50.4200 9.3700 17.8000 32.9600 9.5400 30.4600 1.0700 32.4100 30.1400 3.1100 27.6000 48.0900 39.9200 14.3800 11.7600 15.7100 36.4500 32.8900 17.3600 52.5900 29.3500 60.5700 58.5300 38.9400 0.0000 26.9904 29.6460 26.0112 35.2772 33.1000 28.4302 20.7512 25.9100 
11.5230 17.4000 6.1400 24.1500 42.7900 12.2600 15.4700 51.3000 39.5000 11.6800 3.6900 46.5100 14.8400 55.9500 26.9800 28.9700 28.8100 10.1500 43.2800 17.2900 23.3900 9.8400 17.3200 25.9500 26.9600 12.2600 11.9100 24.6300 19.9600 45.4900 13.9700 23.5900 23.2200 40.4400 11.5100 52.7400 9.2600 55.4600 49.0300 40.3900 54.9100 64.9000 25.9800 0.0000 40.8444 5.3040 21.6954 8.3304 1.5504 9.6240 50.6400 
31.4886 29.9000 46.2700 24.8500 46.3500 28.9300 31.7500 81.1000 6.1800 46.6000 44.1100 45.1200 41.7800 16.2600 39.6100 63.3300 59.9700 35.2000 73.4500 25.4900 17.7300 42.4800 25.2100 26.0500 22.5700 50.8200 37.1600 21.4000 49.5900 34.3600 52.2000 16.8500 17.5000 30.0900 46.9300 12.5100 31.6100 33.7600 46.8300 79.9700 43.7100 39.0600 23.3100 40.4400 0.0000 43.4780 38.4348 45.6986 41.9904 38.6933 40.2900 
16.5342 15.5100 5.5300 22.6900 38.7100 15.4100 13.3200 54.9600 41.6100 6.8000 5.9500 51.4400 10.1000 57.7500 22.9200 24.6200 32.8100 14.9200 38.5400 17.0700 25.6900 14.7800 17.2200 30.1000 25.7100 9.0700 16.9300 23.9100 14.8700 49.9300 16.8000 25.2200 24.3300 38.0400 15.7500 53.8100 10.3200 59.4300 45.2500 38.1700 59.5400 63.1400 24.6700 5.1000 41.8300 0.0000 26.7954 13.0502 6.2702 5.3126 48.2400 
17.5521 29.7400 26.3600 32.9800 57.8100 14.4700 29.2000 46.8100 30.2500 32.8900 23.1300 25.3400 34.2800 46.0500 43.1900 50.0900 26.2600 11.2100 64.5500 25.2900 18.5900 14.6900 24.9700 9.0400 34.2800 32.9900 9.6000 30.9300 40.7900 24.9800 24.2600 21.6600 23.5800 49.3500 18.4200 46.2500 20.6400 36.3500 62.5000 58.1000 33.8400 69.1900 33.7900 21.2700 34.2800 26.1200 0.0000 19.0332 22.7905 26.7135 59.3933 
14.9205 24.8200 9.5500 31.1900 50.6500 15.4300 23.0500 43.5500 42.3300 17.8200 6.7900 42.1900 22.4200 58.9500 34.8400 33.0100 20.9700 9.4900 48.0100 23.7300 26.6000 3.5600 23.6600 25.1700 33.8000 15.8900 8.9700 31.1500 26.4900 43.1500 7.9000 27.7500 28.0400 47.8400 3.6800 56.7900 15.5400 54.2800 56.8900 40.0800 51.7700 71.7700 32.8900 7.8700 44.3000 12.3300 18.1700 0.0000 9.4204 17.4940 57.8333 
12.6630 18.5300 5.8400 25.2600 43.8800 12.7500 16.6100 50.1700 40.1000 12.2100 2.9800 46.0900 15.8000 56.6000 28.0700 29.1700 27.6900 9.9600 43.6400 18.3200 24.0000 8.9300 18.3400 26.0000 28.0500 12.2500 11.4700 25.6800 20.6300 45.3700 12.8600 24.3300 24.0600 41.5800 10.3900 53.5200 10.2200 55.5300 50.1500 39.9500 54.6900 66.0000 27.0800 1.1400 41.1800 5.8600 20.9500 6.7800 0.0000 9.8712 51.7800 
11.2216 10.2600 10.7600 17.4300 34.8100 13.3400 8.0900 59.2800 37.6800 9.3400 10.5200 51.4700 8.0300 53.5000 19.0300 27.1000 36.8200 15.3500 39.9200 12.1700 22.1800 17.5200 12.3700 28.6400 20.4700 13.5700 18.0000 18.7400 15.1100 48.7000 21.5200 21.1700 19.9500 32.9500 19.5200 49.1600 6.9600 57.3400 41.0200 42.6400 58.6600 57.9200 19.4200 8.0200 37.4000 5.2600 26.2400 15.8800 9.1400 0.0000 43.1500 
44.0196 30.9500 51.0500 25.1000 17.4200 44.2000 32.8000 99.2300 41.5400 45.2900 51.1200 77.0300 37.7100 46.6300 25.3500 53.7900 76.5200 50.8800 56.4700 33.1100 40.0700 56.3400 33.3300 53.0600 23.2500 51.1900 53.9400 26.5600 41.5300 68.2300 62.1100 36.5800 34.2300 8.1600 59.4400 37.9200 40.6300 69.5400 13.2200 75.5400 78.3200 20.3800 23.8700 48.2700 35.8600 45.5900 57.4500 55.7800 49.4100 40.6100 0.0000 
~
Delivery quantities;
65.19	49.69	63.71	3.24	59.17	59.64	14.92	35.04	79.13	85.35	62.55	12.05	84.34	19.41	32.99	50.26	88.87	27.47	70.56	42.53	22.86	15.61	77.86	19.83	33.50	25.85	24.40	8.56	66.91	92.78	59.11	71.79	71.71	78.54	66.11	49.01	20.36	82.80	33.58	16.19	40.55	28.50	41.99	91.64	90.62	94.06	94.21	59.51	62.31	86.05
~
Pick-up quantities;
37.68	64.99	68.86	2.60	50.54	80.48	14.05	32.68	108.09	53.53	66.29	16.73	86.63	10.66	34.09	62.13	85.29	21.45	79.36	54.40	31.13	16.75	92.68	10.25	33.21	24.78	26.76	6.39	40.45	122.64	59.26	81.70	73.80	45.92	46.06	51.89	23.54	67.77	22.68	20.81	24.95	17.42	38.25	127.29	84.21	113.81	82.05	73.28	70.23	104.40
~
Vehicle capacity; 
329.11	329.11	329.11	329.11	329.11	329.11	329.11	329.11	329.11	~


