Cost matrix;
0 25.9000 10.9500 16.8400 4.0900 20.8400 39.0400 58.6800 68.7100 7.3500 54.7300 13.4400 17.5200 15.1900 38.8100 7.7600 1.4800 19.6700 15.1100 46.9500 25.5500 61.6900 11.0900 11.0300 40.7900 35.3500 37.7500 14.7200 5.8400 13.9100 54.0900 53.3200 49.8400 33.2100 12.8400 10.6900 35.3600 40.9700 15.4300 41.9600 10.3000 11.0400 6.5900 10.8400 15.4500 15.2100 17.4700 45.8400 40.1800 31.6200 41.3400 
28.4522 0.0000 16.3400 14.4618 31.6918 34.3372 55.4618 85.7946 96.3546 30.8894 58.4943 38.2594 12.0772 15.3616 66.4118 20.6146 27.4818 8.2618 27.3735 36.8000 29.4464 88.8694 20.1858 19.2894 68.4394 14.4700 12.5200 43.1722 34.2922 37.9894 81.9946 31.0784 43.2972 47.8828 40.6246 27.3294 58.8694 57.4910 28.5210 61.4716 37.7694 18.9294 26.2133 36.7095 26.8744 24.7662 31.9716 48.6743 60.1148 6.5184 63.4522 
12.1122 16.3400 0.0000 18.1146 16.0138 19.9094 49.4446 69.4546 80.0146 14.5494 49.9694 21.9194 6.6761 5.0575 50.2846 4.2746 11.8038 12.5800 12.3094 49.2394 19.6494 72.5294 15.3225 2.9494 52.0994 30.8100 28.8600 26.8322 17.9522 21.6494 65.6546 45.3694 42.1894 33.1694 24.2846 10.9894 42.5294 52.9894 24.4496 45.3094 21.4294 2.5894 16.4640 20.3695 10.7401 21.0842 16.9075 42.7929 45.3996 22.8584 47.1122 
19.2672 14.3600 13.5700 0.0000 21.5940 33.4794 43.0744 76.2640 85.4940 25.4640 63.0668 32.0940 15.2568 18.5412 55.5140 14.9472 17.6540 8.7420 25.8794 34.3640 33.2194 79.2240 7.5640 16.5194 59.3035 26.0163 26.8800 33.0861 23.1261 33.1772 71.9561 45.4384 55.7594 46.7394 31.8461 24.5594 53.1114 43.7944 15.4244 58.8794 28.4235 16.1594 14.2061 30.1072 24.3101 10.3044 30.4775 56.3629 58.9696 20.8784 60.6072 
5.4806 29.9200 14.9800 20.0500 0.0000 24.9674 37.1256 55.8600 65.1683 10.6674 58.2394 12.4400 21.6561 20.0375 35.1783 13.2406 5.4309 24.1329 20.5906 50.2158 30.3564 58.8900 16.5706 15.7173 38.1500 40.8306 42.4400 12.7656 2.7956 13.5800 52.1500 58.1373 54.9573 36.2400 11.5700 16.1706 32.9800 40.7901 17.9444 41.6500 7.2700 15.3573 11.6436 13.0940 20.2464 17.9458 22.9506 48.4194 41.5520 36.4384 41.8684 
23.3740 33.2100 19.4500 32.8300 22.0300 0.0000 59.1556 60.4760 75.1946 15.7300 40.9156 17.7330 24.2511 22.7111 49.2111 20.7411 24.2295 32.0300 9.3211 65.5911 15.0120 64.7294 30.8111 18.6211 46.8046 47.6800 45.7300 29.6731 24.8256 18.5311 61.5195 54.4311 41.5411 13.5456 27.0331 12.1095 30.3252 62.8201 37.9911 28.7760 22.8611 18.9811 28.4311 18.4131 11.7311 36.5811 5.3911 36.2908 31.3274 39.7284 36.5312 
42.2106 55.3400 47.7300 41.0000 36.7300 58.5700 0.0000 65.3250 66.7750 47.3974 94.9694 48.6456 54.4061 52.7875 49.1045 49.9706 42.1609 49.7420 56.1704 50.0445 66.7796 66.3750 42.6045 50.6794 51.0283 57.9245 65.6145 41.1145 39.5256 48.9756 51.2550 86.4184 89.9194 70.7356 43.0145 52.9006 64.0593 3.6645 40.0543 77.4156 44.0000 50.3194 41.7252 45.9056 56.6696 43.2564 59.2880 85.1494 78.2820 61.8584 77.1670 
60.4306 84.2000 68.0000 74.8000 54.9500 58.1500 62.3900 0.0000 15.8334 57.9320 83.6900 51.6920 74.6761 73.0575 28.8734 68.1906 60.3809 79.0829 64.7720 105.1658 71.3481 4.2534 71.5206 69.2220 26.7732 95.7806 96.7200 54.6297 57.7456 50.4420 17.5875 111.9800 93.6000 57.4200 55.9446 64.3716 33.9200 66.0545 72.8944 53.7977 57.1205 69.7440 66.5936 54.5416 68.1756 72.8958 63.5411 77.7900 55.0677 90.7184 47.0277 
70.2506 94.5900 78.7200 83.9800 64.7700 70.7400 64.9300 13.8800 0.0000 66.2439 96.3977 59.2139 85.3961 83.1639 34.6439 76.2139 69.6388 88.8588 74.0039 111.3539 82.6539 15.8646 79.2988 77.9639 28.6739 104.2688 107.0188 56.5304 65.2488 61.0764 22.1936 120.8135 107.4800 71.3000 56.4388 71.8935 47.8000 68.5945 79.6599 59.3177 62.5448 78.4859 75.8515 62.0635 77.4075 82.7158 75.4459 91.6700 62.0177 101.1084 60.9077 
7.6440 29.4600 13.1300 23.1400 7.7300 14.3000 44.3500 54.9300 65.9200 0.0000 52.2695 8.5601 19.7684 17.4584 37.0811 15.1008 9.0434 25.7100 13.2029 54.5940 22.6050 59.0301 18.7340 12.4338 38.4711 42.7584 41.9800 14.5511 10.5256 8.8901 52.4711 55.2184 47.2650 27.8456 11.8911 8.6229 30.4501 48.0145 23.0740 37.3301 7.5911 12.4384 14.2340 5.8201 12.4950 22.8540 16.5735 45.2592 35.1816 35.5977 38.0083 
56.4940 55.2700 49.2700 62.1600 56.5100 34.6600 93.1900 80.6900 94.5100 48.8500 0.0000 50.3880 49.2443 52.3426 76.3300 53.0400 56.1600 61.8500 43.9811 92.0700 34.8926 84.3907 62.7700 51.6926 70.3600 69.7400 67.7900 60.7200 59.2700 52.2505 86.4862 59.8926 30.8126 33.3914 58.0800 44.0400 52.0107 96.1100 71.9240 39.0107 53.9400 51.8594 62.3727 49.4600 44.7226 69.4824 40.0511 14.0426 36.7607 61.7884 47.0519 
13.4400 36.9500 20.6200 30.1300 11.5200 15.4200 44.8600 47.6100 58.9300 7.5100 49.4000 0.0000 26.8996 24.5996 32.8425 18.1896 14.8996 32.1996 16.1925 60.3900 25.9525 51.8634 24.5300 19.3296 33.0125 48.2196 49.4700 12.3885 13.6985 1.8625 49.1387 61.5996 52.0296 27.6796 9.7285 12.6796 23.6952 47.8585 28.0696 34.3596 5.4285 19.5796 20.0300 2.8496 18.4945 28.6500 16.2320 48.7008 37.0596 42.7389 30.9807 
18.2208 11.0800 6.6100 14.6700 21.5800 22.2600 52.8900 74.2000 85.1500 19.2900 47.8100 26.6200 0.0000 3.2844 56.3711 10.8846 18.4138 16.1550 15.3000 47.8800 19.7399 78.3201 16.3836 9.5594 57.7611 25.5500 23.6000 32.9408 24.0608 28.1801 71.7611 42.1584 48.7994 35.8056 30.8946 17.5994 48.4296 55.0222 26.5632 49.3981 26.8811 9.1994 19.5264 25.1101 14.7972 21.5322 19.8981 41.8330 48.0376 17.5984 53.7222 
15.8728 12.9600 4.2500 14.1500 19.2300 20.8500 51.1500 71.9000 82.7900 16.9700 48.0100 24.3500 2.3800 0.0000 54.0452 8.0352 16.0538 13.8129 16.0240 48.5140 21.8380 76.0001 16.4880 7.1872 55.4411 27.4300 25.4800 30.5928 21.7128 25.8601 69.4152 44.0384 46.4272 34.3956 28.0452 15.2272 45.6654 54.8145 26.6676 49.1540 24.5611 6.8272 20.7140 22.7901 13.3440 23.8440 20.6221 44.0450 48.0035 19.4784 51.3622 
39.5862 64.7100 49.0700 54.0200 34.8300 43.9000 41.9500 21.9500 29.9900 36.6200 73.3100 30.1600 55.5900 53.2100 0.0000 47.0812 40.2609 58.9629 46.3525 83.9430 56.1125 26.2034 49.9312 49.0538 7.5222 74.9012 77.2300 26.5430 35.8812 32.0225 18.7758 91.4806 82.1896 47.8400 27.0712 42.4806 29.5000 45.6145 51.9096 42.8321 33.1772 49.0584 46.1762 33.0096 48.6545 52.7758 46.3920 70.5852 45.5321 71.2062 39.8072 
7.8376 19.0300 3.1900 13.8400 11.7900 19.1200 45.1700 65.1800 75.7400 10.5600 50.5700 18.0600 9.7900 7.4400 46.0100 0.0000 9.3176 15.7700 13.8939 48.2040 21.3339 68.9600 13.8240 4.5339 48.0000 30.8856 31.5500 22.5576 13.6776 19.4501 61.3800 47.8359 44.6559 32.6656 20.0100 10.9800 41.0101 48.8076 21.9296 47.7759 18.1376 5.0559 13.7445 16.3801 13.2066 16.8096 18.4920 44.4774 45.7416 25.5484 47.1696 
1.6132 25.7900 11.4600 16.0000 4.2100 22.3100 37.7800 59.1500 68.9600 8.7800 56.1300 14.5800 17.9300 15.6400 39.0100 8.3300 0.0000 21.2832 16.7232 46.2277 27.1632 62.8108 11.4427 12.6432 42.0708 36.5227 38.3100 16.3332 7.0056 15.5232 55.7032 54.9332 51.4532 34.8232 14.4532 12.3032 36.9008 41.4445 15.8627 43.5732 11.1908 12.6532 6.2127 12.4532 17.0632 16.5053 19.0832 47.4532 41.7932 32.3084 42.9532 
20.8332 8.1800 12.5800 6.2000 23.4300 31.7900 47.2000 78.3400 88.1300 24.6700 58.4900 32.0900 10.7700 11.2300 58.1500 14.2400 19.2200 0.0000 24.8894 40.5640 30.5099 82.0308 11.9240 15.5294 61.2908 22.6500 20.7000 35.5532 26.2256 33.5601 74.9232 38.4677 51.4772 45.3356 33.6732 23.5694 55.1094 49.2292 20.2592 57.8894 30.4108 15.1694 17.9515 30.4901 23.3201 16.5044 29.4875 52.6030 57.9796 13.9077 59.6922 
15.5633 26.0700 11.8600 25.3100 17.4000 7.6000 54.0100 61.7300 73.6400 10.4000 39.6600 15.1700 15.0000 13.4000 45.3000 11.7800 16.4900 24.2000 0.0000 57.9936 11.3256 65.9834 23.6764 11.1336 47.0220 40.5400 38.5900 24.9511 20.1764 16.0496 61.6820 47.2836 38.1736 21.0686 22.2911 4.9464 33.1296 56.0400 30.9933 34.0981 17.9911 11.4736 22.1533 14.1120 3.4036 28.5896 4.5981 34.4691 36.7981 32.5884 41.1360 
47.3832 35.3100 44.5100 31.2400 49.1600 63.9500 48.1800 100.4900 107.2600 53.9200 90.4700 60.3500 43.3900 43.9100 78.6100 45.0800 45.7700 32.7000 56.3700 0.0000 63.1299 104.7434 38.8040 47.4594 86.1322 23.2232 33.7666 61.3735 51.4135 61.2932 97.3858 60.8762 76.5192 77.4386 60.1335 55.4994 82.1400 51.8445 44.1667 89.3432 56.4300 47.0994 42.4935 58.2232 55.2501 39.0467 60.9681 80.6600 87.5632 37.8392 88.7232 
26.4533 27.5200 18.9200 31.9500 28.2000 11.1200 64.6000 69.2700 81.8600 21.2700 30.3600 25.1400 18.1100 17.9000 54.6800 20.3700 26.8300 28.8700 10.8900 61.4900 0.0000 73.5234 33.9208 20.6708 56.8608 41.9900 39.3210 35.2905 30.8143 26.6208 72.2908 41.3854 36.9672 24.6656 32.6305 15.5843 41.4452 66.9300 41.3113 39.4755 28.3305 21.0108 31.6613 25.0020 12.9408 37.1796 13.4808 23.1435 37.2255 34.0384 44.7291 
63.4206 87.2400 71.0500 77.7600 57.9400 61.1800 64.4500 3.0600 11.5800 57.9800 83.3200 50.6700 77.2600 74.9500 24.6200 68.2200 62.1400 81.3400 64.7900 103.2200 72.2900 0.0000 73.5827 69.9996 29.8332 98.6627 99.7600 51.1630 60.5012 52.5325 20.6475 112.0736 96.6600 60.4800 51.6912 63.3496 36.9800 68.1145 75.8844 56.8577 56.0985 70.2496 68.3527 53.5196 68.1936 75.8858 66.5711 80.8500 58.1277 93.4089 50.0877 
11.7032 18.7200 11.3500 6.1000 14.0300 29.1600 37.9000 68.7000 77.9300 17.9000 60.5800 24.5300 15.1700 13.7400 47.9500 10.2400 10.0900 10.8400 21.9800 36.0200 30.2400 71.6600 0.0000 14.2994 52.0521 32.1163 31.2400 25.5221 15.5621 25.6132 64.3921 49.3077 53.5394 42.7056 24.2821 21.2200 46.9908 39.1496 10.1796 53.6632 21.2808 13.9394 6.6421 22.5432 21.6094 9.4050 26.5781 53.3835 51.8832 24.7477 53.0432 
11.6476 18.1100 2.5000 16.0400 14.8500 16.9600 48.9700 66.6400 77.6200 11.7300 47.1100 19.0700 7.5700 5.2800 48.1500 3.8100 11.8300 14.9700 9.3600 47.0100 16.8000 69.6900 13.4700 0.0000 50.0320 30.8420 30.6300 25.3820 17.4020 19.5100 64.2011 43.3020 40.1220 30.4286 23.0620 8.0600 40.4620 50.9220 22.7720 43.2420 19.3211 0.5220 16.6172 17.5501 8.6727 20.3406 13.9581 39.9435 43.3322 23.6813 44.2496 
42.4706 66.5100 50.4700 56.7400 36.9900 42.9400 47.6900 18.0900 28.3900 37.5700 70.3600 30.5400 56.8300 54.4900 5.9700 47.5400 41.1900 60.4100 45.3300 82.6800 53.9800 21.0200 50.6400 49.2900 0.0000 77.0365 79.0300 27.8565 39.0392 32.4025 16.1262 92.1396 81.2602 44.6402 30.2292 43.2196 22.2282 51.3545 50.9860 39.0550 35.9685 49.8120 47.4027 33.3896 48.7336 54.9358 46.7720 67.3854 40.3250 72.9713 32.2850 
36.3232 14.4700 28.4100 18.9900 38.8600 46.9700 54.6900 93.7600 102.9500 40.7100 69.3700 48.1100 24.7800 26.1400 73.0000 30.2800 34.7100 16.0500 39.5400 22.3300 41.9800 96.7200 25.0900 30.6700 75.7200 0.0000 10.5434 50.6121 40.6521 49.6001 89.4821 37.6530 53.2960 60.5156 49.1632 38.7300 70.9394 58.3545 34.4144 73.6381 45.6500 30.9994 31.7321 46.5301 39.1501 29.2944 44.1381 60.8160 72.8176 14.6160 74.9196 
38.8825 12.5200 28.7900 23.2800 41.6300 45.3900 62.0900 96.3600 106.3900 41.8600 63.7300 49.3700 23.5300 25.4800 76.4200 31.3400 37.4300 18.3100 38.4500 30.5600 38.5500 99.3800 28.9400 30.6300 78.5300 8.8600 0.0000 53.1089 43.1489 50.1400 91.9789 34.7360 48.8560 58.9356 51.3500 38.6900 71.0920 65.7545 37.2242 72.5481 48.6208 31.1520 34.2289 47.6801 37.9560 33.5844 43.0481 56.3760 71.2260 10.1760 74.8796 
16.1806 40.6100 25.3000 30.2100 10.7000 26.1400 34.5900 44.6000 54.0900 14.1300 60.3100 10.9100 31.9100 29.5300 24.1300 22.1600 14.8800 34.0500 24.3200 57.4000 35.0100 47.5500 24.1100 24.7300 26.5300 49.1800 52.3000 0.0000 11.5498 12.1600 42.6562 68.0320 60.3998 35.0098 2.7398 21.7812 26.9790 38.2545 27.5782 41.1980 8.4912 25.2520 21.0927 12.9114 26.3738 28.6458 25.3448 55.3770 38.9480 47.1284 40.0867 
6.9932 31.0500 16.7400 20.2500 2.4100 24.3800 34.3300 54.5500 63.9700 10.0800 58.9000 13.0400 23.2700 20.9600 33.9800 13.5700 5.3800 24.1700 19.8000 48.4100 30.5900 57.5100 14.1500 16.8500 36.5000 39.2200 42.4700 9.9700 0.0000 14.9025 52.6262 60.1520 55.7820 37.9256 12.7098 17.2099 35.3900 37.9945 16.0284 44.0600 9.6800 17.3720 11.5927 14.5080 21.0120 17.6035 23.3696 50.8294 43.9620 37.5684 44.0207 
14.6900 36.7800 20.4500 30.4400 12.3000 14.2300 46.0800 48.0400 59.5300 7.4900 48.1500 1.2500 26.3000 24.0600 30.9800 18.0200 15.1200 32.1600 14.3300 60.8600 24.0900 51.1100 24.9400 18.7800 31.1500 48.2000 49.2400 12.1600 13.9500 0.0000 47.2762 61.6136 52.5036 27.7756 10.9785 13.9296 24.9452 49.1085 29.3196 33.9745 6.6785 19.3020 21.2800 4.0996 17.7336 29.5086 17.3448 47.2335 36.6745 42.4613 29.1182 
54.9762 79.9800 64.4400 68.8700 50.0700 58.5900 50.2500 14.0700 15.5200 52.0000 85.8600 45.4200 70.9700 68.6000 15.3900 61.3700 54.2200 73.2500 60.5000 91.7400 69.5500 15.1200 62.8600 63.5400 15.8100 87.7800 91.5500 39.3700 49.0900 46.1900 0.0000 106.8420 97.0702 60.4502 42.1098 57.8706 38.0382 53.9145 58.4300 54.2802 47.8612 64.0620 60.4327 48.2696 63.9036 63.8572 61.6520 83.1954 52.0302 86.4984 48.0950 
53.4376 29.8700 42.4100 44.2200 57.3800 50.7400 85.1200 108.1600 119.9300 54.3000 53.4000 61.0300 35.8100 38.1600 90.9100 45.6000 53.6600 38.0500 46.4300 55.0900 40.1800 111.2200 48.3300 42.9200 91.5500 34.2300 25.3800 67.6300 59.0300 60.4000 106.2900 0.0000 43.4700 64.2856 65.6100 50.9800 79.5596 87.2792 58.3092 79.5160 61.8911 43.4420 54.9721 59.9250 49.8336 54.5244 51.0281 53.1860 77.4055 27.0160 84.9091 
51.1076 40.0900 40.8000 50.9400 52.9600 35.4000 88.4400 91.6600 104.9100 46.4700 22.6000 50.3400 36.5600 37.8200 79.2300 43.2700 50.9400 45.7600 36.0800 74.7800 25.3200 94.5800 51.5500 39.4700 77.8800 52.5800 45.4300 60.3200 55.2900 49.2500 93.6600 31.0500 0.0000 43.9856 57.9505 40.9043 65.7252 90.3920 61.7296 56.9056 53.6505 39.9920 56.0864 50.1920 38.2608 58.0922 38.8008 21.4656 59.3607 46.6084 65.5035 
33.6940 45.6700 32.7200 46.1100 33.5400 13.2800 68.7800 55.4200 68.9400 26.0500 27.3700 23.9200 35.0000 33.8400 46.0000 32.3600 34.6900 44.9400 20.8600 77.2300 19.4600 58.2600 42.3000 30.2200 43.3400 59.7700 57.4300 34.5100 35.6900 22.7000 59.0400 58.8200 36.6200 0.0000 33.6485 25.3895 25.1450 71.7785 49.1240 15.4900 29.3485 30.7420 40.2840 26.7696 24.2636 48.9040 18.6711 22.7452 17.7818 52.1884 24.0879 
14.4706 38.7100 23.1100 28.9400 8.9900 23.5400 36.5900 45.9600 55.8800 11.5400 57.8200 8.4600 29.6800 27.3100 26.0300 20.0100 13.2000 32.4200 21.6700 57.0200 32.3500 48.9500 22.8600 22.3900 27.9900 47.8300 50.5800 2.6600 8.8100 9.7100 41.3700 65.3100 57.6600 32.2700 0.0000 19.3960 29.6390 40.2545 24.8384 40.4860 6.1060 22.9120 19.4127 10.1716 23.6340 26.4135 23.5540 55.0152 41.4715 44.8238 38.3496 
12.7211 26.0900 10.2600 22.8400 12.8200 10.5300 49.4700 59.4800 70.9500 6.0300 44.0400 12.0200 15.2200 13.1400 42.0600 9.0000 12.1200 22.8100 4.5800 54.0800 15.4300 62.5400 18.7300 8.0600 42.5600 38.6700 38.6100 20.1500 15.2300 11.4500 57.3800 49.0000 40.5000 23.5700 17.5400 0.0000 35.7152 53.1345 27.9827 37.5847 13.6211 8.4840 18.3327 11.8501 7.1614 25.8096 8.0847 38.5735 40.2847 31.6433 36.1896 
35.3800 57.7200 41.6100 52.0700 32.9500 27.3200 58.7700 32.0000 45.4500 29.0900 49.7700 21.9400 46.8100 44.7700 25.0000 39.4800 36.4300 53.7100 32.4800 82.1000 38.1600 34.9000 46.4500 39.6300 20.9700 69.7600 70.2400 26.4500 33.8800 21.6500 36.1400 78.0600 59.6800 23.5000 25.8500 31.6300 0.0000 62.4345 49.9084 19.8777 27.3685 40.1140 41.9700 24.7896 35.8836 50.5900 32.7111 46.2452 21.1477 63.2733 13.1077 
41.2632 55.8300 49.1800 41.5800 38.9100 60.8700 3.4900 65.8600 68.2200 46.5900 95.4200 47.5100 54.0600 52.4200 45.4400 46.7400 39.6500 47.7600 56.0400 46.3800 66.4800 67.9000 38.9400 50.5500 51.1800 54.2600 61.9500 37.4500 36.5200 48.7100 53.6300 85.4600 89.9700 71.4000 39.3500 51.5200 62.0000 0.0000 37.3713 78.6480 45.4560 51.0720 45.2152 49.3956 56.7132 42.7985 58.7332 87.1032 76.3980 61.6677 75.1077 
15.5732 27.6600 20.7200 13.3700 15.8800 36.1200 28.0100 66.0700 73.8600 22.6800 69.2100 27.3700 25.1300 23.6000 44.4100 18.7700 13.9600 19.4800 29.7200 34.7800 39.1400 68.8900 9.9800 22.4700 48.1000 30.3600 36.1400 22.6700 14.4400 28.1800 58.4300 57.5300 61.3800 48.6400 22.5300 25.6900 48.2100 28.9700 0.0000 57.2973 23.1500 22.9175 12.6415 26.4132 31.0232 5.4272 33.0432 61.4132 55.7532 33.3877 56.9132 
42.3440 59.3600 44.7500 57.2900 40.8400 26.1600 71.6900 43.7200 57.5900 34.7000 37.0800 29.4200 48.3500 46.8000 40.0300 43.5600 43.3200 57.3300 33.4000 88.4400 34.6200 46.2900 52.5000 42.3600 35.7400 72.9200 71.5500 37.5700 42.4600 28.5500 50.2700 74.3000 51.0800 15.4900 36.1400 34.6200 15.0500 74.7400 56.7300 0.0000 34.8485 42.8820 48.9340 32.2696 36.3500 57.5540 30.0500 36.3300 2.7000 65.8784 8.5979 
12.6932 35.6500 19.6400 27.0700 7.2700 19.4500 39.8400 48.5900 59.0800 7.3700 53.9300 5.1700 26.1100 23.7400 29.4900 16.6700 11.0800 29.8800 17.3700 56.4100 28.0500 51.6200 21.1500 18.6600 30.8800 45.6500 47.7700 6.9600 8.2700 6.3100 44.8800 61.5100 53.3600 28.9700 4.3000 13.2900 25.7100 42.4300 22.7100 34.3800 0.0000 19.1820 17.2927 5.8240 19.8650 25.2158 19.2064 51.1935 37.0800 42.1684 34.5984 
11.5176 17.8100 2.1400 15.7000 14.9100 17.3200 48.8500 66.8800 77.8300 11.9600 47.3800 19.3300 7.3300 5.0200 48.3300 3.6800 11.8100 14.6100 9.7200 46.6500 17.0600 69.9400 13.2000 0.3600 49.5100 30.3200 30.3200 24.8600 16.8800 19.0600 63.7200 42.7800 39.6000 30.5800 22.5400 8.4000 39.9400 50.4000 22.2500 42.7200 18.8400 0.0000 16.0952 17.7801 8.1507 19.8186 14.3181 40.2035 42.8102 23.1593 44.5896 
6.9232 23.0400 11.7600 11.3300 8.9200 26.6300 35.9700 63.4700 72.7600 13.8900 59.5700 19.8800 17.2800 15.3200 42.7700 9.3500 5.3100 15.6100 20.0700 40.4700 29.5900 66.4200 5.2300 13.1500 45.4100 30.3100 33.8900 18.8800 8.9200 20.4300 57.7500 52.1000 52.5300 39.4000 17.6400 16.1300 41.6800 37.4400 9.6500 48.5500 16.1400 12.9800 0.0000 17.7632 21.1307 11.4779 24.2147 52.7335 47.1032 29.5177 48.2632 
12.4540 34.2700 17.9400 27.4400 9.3500 14.9700 44.1400 50.1600 61.3000 4.8100 49.4600 2.7400 24.0500 21.7500 32.2300 15.3400 12.0500 29.3500 13.4400 57.7900 23.8700 53.2100 21.8900 16.4800 32.9100 45.3700 46.6600 11.2600 11.1600 3.0700 47.5700 58.7500 49.1800 24.8300 8.6200 9.8300 24.6300 46.6500 25.2200 31.5100 4.4800 16.7300 17.3600 0.0000 15.6449 26.9048 13.3824 45.8512 34.2100 39.8893 32.1882 
18.2433 23.5700 10.2000 23.7600 18.2400 9.7500 54.4900 64.3000 76.1200 11.9000 39.9000 17.4300 12.5400 11.1200 47.5900 10.7700 16.7200 22.1600 2.6800 54.5900 10.1100 67.3600 20.9800 7.7300 47.7800 37.2300 35.8900 26.0200 20.6000 16.6700 62.8400 43.8800 34.7700 22.7800 23.4000 5.8700 35.1600 56.3700 29.3200 35.8100 19.1500 8.0700 19.6900 15.4900 0.0000 27.5796 7.2781 32.8276 34.6595 30.0884 42.0596 
15.4832 22.6600 17.6200 8.3100 16.9300 34.8800 32.7700 69.6800 78.0000 22.5200 66.8100 28.3000 21.1100 19.8700 48.2800 16.3200 13.8700 14.4800 27.9200 32.2700 36.4900 72.5600 6.2700 19.7000 51.6200 25.5300 31.0500 25.4900 16.1500 28.9300 62.6600 52.5200 57.6400 47.8400 24.8500 24.3600 49.8700 33.4900 5.1200 57.1800 24.1700 19.4300 8.6300 25.8700 27.0900 0.0000 32.4447 59.6335 55.6632 28.3810 56.8232 
19.0740 29.9100 15.7200 29.0600 19.0500 3.7700 55.7600 59.2600 71.5000 11.4300 37.4700 14.2000 18.8600 17.3200 43.8200 15.3500 18.9200 28.1200 3.9300 60.2000 10.9600 62.3100 25.4200 13.2300 43.3800 43.4600 42.2200 24.3700 21.4400 13.1400 58.8100 49.0400 36.1500 17.0500 21.7200 6.9100 29.2600 57.9500 32.6000 29.5000 17.4700 13.5900 23.0400 13.1200 6.3400 31.1900 0.0000 32.4688 32.2000 36.4284 38.0979 
46.2933 45.4900 39.7400 52.4500 47.9400 26.6400 84.6700 77.7900 91.4000 40.4100 9.8200 41.9200 38.0300 38.3000 68.0100 41.2100 47.2000 48.6900 30.7300 80.6600 20.8500 80.5900 51.0800 37.6500 65.7100 59.6500 54.2300 52.7400 50.3400 40.6900 81.4700 45.8500 16.7700 22.5200 50.1600 35.2300 45.9800 86.7500 59.9400 35.4400 46.0800 37.9100 50.3500 41.6100 30.6800 57.3300 28.9900 0.0000 38.1400 52.0084 44.0379 
40.5240 57.1800 42.6800 55.3200 39.2000 23.9700 70.7100 44.9900 58.8400 32.8800 35.6900 27.8600 46.1900 44.6600 40.2200 41.5600 41.5500 55.2500 31.2600 86.5100 32.3700 47.6300 50.6200 40.2800 36.1700 70.7900 69.3500 36.4000 40.8900 26.9400 51.0100 72.0700 49.0900 13.2700 34.8500 32.5900 15.2500 73.7100 55.0700 2.2500 32.8900 40.6400 46.7600 29.8500 33.6500 55.3900 27.3500 33.6300 0.0000 63.6984 10.2912 
32.3776 5.8200 21.6800 19.8000 35.6600 37.1400 60.5700 89.6800 100.2400 34.8000 55.8200 42.2400 15.7700 17.9400 70.4100 24.5400 31.5600 13.7700 30.3900 36.1200 30.0700 92.7300 24.4800 23.2100 72.0800 13.9200 8.4800 46.3400 36.8400 41.9900 85.7100 24.5600 38.6800 49.0000 44.3800 30.9900 62.5600 60.9100 33.1700 63.2600 41.2100 22.9300 28.8600 39.6000 27.7800 28.1000 34.0800 46.2000 61.0500 0.0000 67.1796 
41.5400 61.1600 45.7400 57.4900 39.6000 28.5400 67.8800 37.0000 50.8600 34.4000 43.7100 28.1000 50.0900 48.3000 33.9400 44.1200 42.5900 58.2500 35.1300 88.2800 38.2300 39.6100 52.2700 43.4900 29.3500 74.1500 73.5700 34.6600 40.9000 27.4700 43.6000 78.3600 56.7000 20.2600 33.6400 35.4800 9.4300 71.0500 55.3400 6.7700 32.6400 43.8400 47.9000 30.5400 37.7100 56.3900 31.4000 41.5500 8.0400 65.4900 0.0000 
~
Delivery quantities;
84.50	5.81	20.62	43.85	31.31	61.01	74.15	74.18	30.78	48.67	28.73	74.65	19.44	29.57	95.18	42.48	98.81	56.80	33.07	37.16	56.53	16.94	29.70	22.94	46.26	12.93	59.17	58.79	14.88	26.47	11.27	66.55	67.32	49.28	64.33	0.26	29.57	53.27	53.24	75.70	23.73	89.95	81.61	96.96	57.72	8.29	2.54	73.39	33.80	43.44
~
Pick-up quantities;
53.53	8.53	17.37	60.10	23.05	33.02	85.28	56.33	42.89	49.38	25.93	108.30	24.88	28.17	92.66	51.32	141.82	41.86	35.02	36.72	34.31	15.55	31.06	26.62	59.36	8.86	62.14	72.41	9.99	19.08	6.44	36.04	97.99	52.83	64.41	0.20	24.57	50.41	30.67	83.49	18.17	47.29	80.76	63.20	55.00	11.07	1.37	79.65	36.83	29.87
~
Vehicle capacity; 
289.70	289.70	289.70	289.70	289.70	289.70	289.70	289.70	289.70	~


