Cost matrix;
0 57.8100 4.3400 10.1600 17.2400 52.3300 15.2400 5.2000 51.1600 23.1200 3.1800 19.6500 16.1300 8.2800 55.6800 16.5400 19.9300 48.3400 45.7100 11.5800 37.5400 23.5900 8.7300 12.5700 27.4900 60.0500 55.1300 35.1500 56.4500 6.3500 23.7800 46.5700 4.1000 12.8700 16.1500 10.6500 44.1700 20.8100 16.3200 4.0600 39.5000 15.8900 13.9600 16.4600 10.4000 45.6600 4.8600 51.0100 16.8600 9.8000 14.1500 
61.8854 0.0000 57.5700 70.6800 77.5235 92.8790 63.9100 65.7500 111.7300 57.1400 59.5135 70.8794 56.3094 55.6800 31.9600 45.1800 79.7200 32.3402 65.8390 53.5300 39.2690 36.9900 55.4665 53.3165 76.3094 83.6700 74.5600 96.1820 96.3340 59.3865 67.7765 90.7524 62.5536 68.4160 77.6096 69.1876 87.6324 41.2565 54.0295 62.8320 50.7780 51.6695 56.5960 62.0245 54.2630 105.0420 65.8634 111.7500 65.8774 53.7712 72.4820 
5.8590 57.5700 0.0000 13.3635 19.9535 51.9462 19.9915 8.6198 54.4635 26.7435 1.9435 19.4862 12.4533 6.5962 54.3962 19.7662 22.7836 45.7400 43.1562 16.6440 35.3962 25.0962 7.5762 10.9562 32.5415 58.2162 59.9115 41.0090 56.0162 3.6162 25.1662 48.1462 8.8515 18.4868 20.0396 11.6176 45.3862 23.9025 21.9068 8.8668 44.3050 20.3251 19.7100 20.6335 14.3460 50.8734 10.5066 54.6198 16.4562 12.8625 18.3134 
12.7432 67.8600 10.7800 0.0000 9.0500 49.1564 21.3100 5.3072 42.2498 33.0545 12.7235 20.6946 22.8072 17.3762 65.1762 28.5147 15.4198 56.5200 50.8546 22.4368 46.1762 34.8147 18.3562 21.7362 29.1230 62.2546 60.1500 28.2998 53.2564 14.3962 29.4646 43.7364 13.4722 16.9600 7.2098 9.4146 40.6164 32.0447 27.6345 15.1445 49.9745 27.8041 24.5045 25.6145 23.1432 46.1830 11.3645 44.9757 20.7756 21.0047 13.6230 
19.9832 74.5700 17.0200 7.2400 0.0000 51.4625 28.5500 12.5472 38.2470 40.0653 18.9635 21.5280 29.4733 23.6162 70.5788 35.7547 13.3504 62.7600 51.5072 29.4053 52.1072 42.0547 24.5962 27.9762 32.8404 61.2256 65.4804 26.2304 55.3775 20.6362 30.0372 44.1675 20.1053 24.2000 5.1404 13.1355 47.0990 39.2847 34.2581 21.2181 55.2500 33.8149 31.7445 32.8545 30.3832 37.4498 18.6045 35.9257 21.3272 28.2447 20.0516 
53.8194 89.9500 48.4200 48.3200 44.7500 0.0000 68.2394 51.2194 61.3212 75.1635 50.3635 34.1694 46.0135 51.4294 78.3928 65.1094 57.1094 66.8628 36.8270 64.3394 58.9694 66.5435 52.3294 52.4594 76.5694 23.4770 107.9394 64.0294 4.3470 49.9694 36.4035 9.1012 57.2715 64.7594 49.2994 43.9594 9.4794 66.8108 69.1145 57.2868 91.8145 67.5445 67.4054 69.0535 60.7445 82.1590 57.9994 69.2378 41.9166 58.6514 61.9430 
18.7452 58.9800 19.5400 20.0100 26.4000 67.0900 0.0000 18.5954 55.3160 14.1652 21.0360 36.6060 31.9933 25.2660 64.0588 20.5176 22.1660 58.4056 61.4330 13.6952 48.6056 28.1488 24.6956 26.2456 15.7718 76.7530 46.1152 35.7560 71.4370 23.1562 39.4230 62.4360 13.9560 5.0460 26.3625 27.9565 60.6264 27.3630 13.7052 14.6660 31.1952 15.7788 10.8576 6.3752 16.5256 44.8040 16.1340 54.0815 35.5487 19.6630 13.2825 
7.4360 62.9600 6.5800 4.9600 12.1000 50.1100 17.0600 0.0000 47.2098 28.1250 7.8764 20.9358 19.0333 12.9550 60.7550 23.2075 20.3798 52.3200 49.5150 17.1296 41.7550 29.5075 13.9350 17.3150 29.5100 61.8488 58.1400 33.2598 54.4570 9.9750 29.7058 46.3158 8.1650 15.1800 12.1698 9.6558 44.2444 26.7375 22.9342 9.8942 45.3900 22.4969 19.9200 21.0300 17.8360 48.2669 6.7800 46.0000 22.3891 15.6975 15.7069 
53.4560 108.9700 51.6900 41.1400 34.7700 59.2900 54.3400 46.0200 0.0000 68.5052 52.9204 56.0304 62.8304 58.0304 105.3488 67.9404 40.6740 97.3604 84.1044 61.6004 86.1004 75.1204 58.8904 62.4404 49.9344 82.7670 82.7296 26.9340 63.6370 55.1004 64.8072 65.7240 52.3304 54.5404 35.3904 47.0004 66.1540 72.6197 67.0996 54.0596 85.5352 66.6623 64.6664 60.7152 62.1150 27.9940 52.5045 8.6940 56.0972 61.5797 50.3016 
24.0448 47.6600 26.4900 31.2200 38.2500 74.7000 13.4600 27.0600 67.7800 0.0000 26.5360 43.6948 33.5528 26.3890 58.3065 15.5128 35.6260 54.6065 62.8228 13.7310 45.9428 22.3665 25.5790 26.6728 29.0659 80.3928 41.9634 49.2160 79.0470 28.0090 43.1528 70.6148 22.2659 18.5060 37.4659 34.6948 68.2148 22.8128 10.4902 21.8559 17.5615 10.7328 11.6046 9.4259 17.4090 58.2640 23.9609 67.5415 39.6843 19.9743 26.7425 
4.2930 56.5700 1.6900 11.4200 18.0100 50.0800 18.1100 6.7900 52.5200 24.8000 0.0000 17.7276 13.3591 6.4116 54.5900 18.5525 24.2230 46.9251 43.6551 15.8730 35.8951 25.0100 7.3800 11.2322 30.6600 57.7227 58.4300 39.4430 54.4270 4.1151 23.2227 46.2027 8.3930 17.1630 18.6298 9.9200 43.4427 23.6172 20.6130 8.3530 42.3615 18.3816 18.2530 18.6900 12.4025 49.9530 9.1530 52.7900 14.5127 12.5772 18.4430 
19.6500 66.2000 15.7200 17.7700 17.9400 32.7100 34.6400 18.0600 49.0000 42.1100 17.3800 0.0000 16.9472 20.7872 59.6472 33.1612 30.8908 49.8372 37.4942 30.7734 38.5272 36.0212 21.6772 20.3112 46.1008 50.9572 74.7800 44.1704 37.0570 19.3362 15.4842 29.7852 23.7500 32.5200 23.0804 12.5208 26.6652 34.0272 35.9700 23.7100 59.1500 35.5400 33.6100 36.0700 29.4075 55.3898 24.5100 53.8657 7.7472 26.9175 31.0440 
16.7752 51.6600 12.3300 21.9300 26.4100 43.6000 30.0600 18.6800 60.7200 32.9600 12.9700 14.5700 0.0000 10.5748 46.3220 21.8890 35.1136 36.7579 30.9162 22.6148 25.4079 23.9792 9.5148 9.0390 43.6300 51.2645 69.7208 50.2298 47.9470 13.0074 13.9345 41.2580 20.8752 29.6452 29.1398 20.9480 38.4980 21.4291 26.2999 20.8352 48.9999 24.7299 25.6808 30.9199 17.9299 61.2102 21.6352 62.3357 9.5680 15.8368 30.6434 
9.7730 52.0800 5.8000 16.5800 22.6800 49.5800 21.5200 12.2000 57.4200 25.3800 5.4800 17.6100 8.5500 0.0000 48.4820 14.2120 28.5836 40.8920 39.4662 14.3720 30.0820 18.9020 1.2720 6.3024 36.1400 56.4377 61.4780 44.4902 53.9270 4.4402 19.1077 45.9090 13.8730 22.3400 23.7898 15.4000 42.7890 17.3964 18.0571 12.7200 40.7571 16.4871 17.4380 22.6771 9.6871 55.4330 14.6330 58.2000 15.5176 7.5940 23.9230 
56.7936 23.5000 53.7000 64.4500 69.8800 73.4400 62.7100 60.1400 104.4200 55.2300 53.3500 56.7200 43.7000 47.9500 0.0000 49.5680 76.4836 15.7961 46.9088 54.7984 24.5328 45.9380 49.2220 51.2946 78.4818 66.8535 96.6784 91.9436 77.7870 52.3902 55.6564 78.7108 59.8110 66.5984 71.6598 60.7717 77.1926 42.2280 52.0884 58.5110 65.8200 49.7284 56.2508 60.0834 51.6510 102.4536 61.6536 105.8057 53.2680 49.1610 70.9436 
16.7054 41.9700 17.7400 26.6800 33.7800 63.0000 18.8700 21.7200 67.3600 14.6000 16.2800 31.5200 19.6900 13.9400 43.8300 0.0000 36.6354 41.3920 50.6062 11.3560 32.9220 10.9746 14.4365 15.2915 34.6418 67.5138 53.7376 51.8554 67.3470 17.2865 32.1065 59.8490 18.5716 23.6576 32.5500 26.2000 56.7290 9.5420 9.1476 17.6520 30.9933 6.7876 13.3100 17.1426 9.2250 60.6773 21.5654 67.7154 28.3465 8.6365 30.1530 
21.7237 76.8500 22.1200 12.0700 11.5600 56.1300 21.3200 15.5400 33.2400 34.6700 22.2600 28.7300 33.8900 27.7200 75.5700 34.8900 0.0000 67.8600 62.3530 27.6033 57.2950 45.0475 28.9920 32.8550 25.5120 71.7530 61.5610 21.3360 60.4770 25.5150 41.5030 50.9600 23.7050 21.0576 10.6730 21.4846 52.6864 42.2775 34.3293 23.7276 51.9746 33.7887 30.6693 27.6952 32.1237 31.1066 22.3200 33.8988 32.8456 31.2375 14.1810 
49.9630 32.0200 45.7400 56.2300 61.0300 61.9100 57.5900 52.3100 95.0700 52.3700 45.6700 46.5900 34.6300 40.2000 11.5300 39.1900 67.8500 0.0000 41.1988 48.8846 15.7765 43.2040 41.4720 43.6690 73.1546 65.9746 92.7792 84.5298 66.2570 44.6402 45.9810 69.8679 51.5146 58.6746 63.4398 55.5780 71.2053 39.4940 48.0792 50.2146 67.0845 45.9776 51.6946 56.1946 43.3546 95.3946 53.8446 96.9557 44.1980 40.8646 64.0534 
46.8630 62.9600 41.4600 48.0400 49.0400 30.5800 60.3100 46.6900 77.1600 62.4100 42.5700 31.1000 30.3100 38.8300 43.8400 48.0800 59.6400 32.4400 0.0000 52.9248 27.6328 46.8000 39.8248 39.3490 73.2300 24.7758 100.0308 75.2704 34.9270 41.9610 24.2110 33.4038 50.3115 59.1456 54.1804 43.6208 30.2838 43.0900 56.6099 50.3268 77.1632 54.8676 55.9908 61.2299 48.2399 86.4898 51.7230 84.9657 33.0952 46.1468 59.7734 
12.0432 49.8500 14.6000 20.8300 28.0700 62.7600 10.7300 16.1600 60.3200 11.9400 12.9100 30.1700 21.7600 13.6800 52.0700 8.3500 27.3300 46.8800 51.8700 0.0000 40.0888 18.5554 14.9520 17.7288 26.5018 70.1177 47.1060 42.6520 67.1070 17.0251 32.7877 58.6132 13.2990 14.8860 27.1464 22.6932 56.2132 17.8920 6.7260 12.0450 28.7060 6.1854 3.0660 8.6376 8.0088 51.5120 12.5064 59.3100 27.4227 11.1462 18.9520 
39.0430 36.7000 34.6900 45.0400 49.7000 53.6100 47.9700 41.2700 83.7300 44.5700 34.7500 35.3900 23.3100 29.3000 21.5200 30.4400 56.7900 11.3500 26.5700 37.4300 0.0000 29.5239 30.5720 32.3490 63.7418 50.7073 82.7118 72.4700 57.0650 33.7402 31.8252 54.1780 43.1430 51.6400 51.3800 40.4000 55.4288 28.0560 39.5876 42.0200 51.3080 37.2276 40.4960 46.0676 38.9871 84.5202 43.9030 85.6257 32.8780 36.8940 53.0034 
24.8954 34.2500 23.7300 33.6900 40.5500 64.7700 26.9200 28.7600 74.7400 20.1500 22.5700 35.2200 21.4100 18.6900 35.9400 8.1900 42.7300 32.2400 46.0400 16.5400 24.8100 0.0000 18.4765 16.3265 42.6918 66.4565 60.8148 59.1920 69.1170 22.3965 30.7865 61.5565 25.7465 31.4260 40.7400 32.4900 58.5965 4.2665 17.3376 25.8420 30.3632 14.9776 19.6060 25.1776 17.2730 68.0520 29.0464 74.7600 30.9780 16.8265 35.4920 
10.2141 51.0700 6.6600 17.4200 23.6300 50.4300 21.3500 12.9400 58.3400 24.6800 6.1500 18.5900 8.8100 1.0600 47.2100 12.9400 28.4000 39.6200 39.1200 13.1000 28.8100 17.6300 0.0000 5.0304 36.3776 57.4977 60.2060 44.8812 54.7770 4.8312 20.1677 46.0379 12.6876 22.5404 24.6298 16.0700 43.2779 17.3620 16.7851 13.7800 39.4851 15.2151 16.1660 21.4051 8.4151 55.7404 14.1404 58.9400 14.3479 6.3220 24.3641 
14.0541 48.2100 10.2500 21.0200 26.9400 50.2100 24.4600 16.6800 61.7100 26.1400 9.9400 19.5300 6.9000 4.4800 43.4700 12.8500 32.1900 35.7800 36.6100 15.2600 24.9800 15.7100 3.8400 0.0000 40.2176 55.1608 62.3660 48.7212 54.5570 8.6712 17.8308 48.1580 16.5276 26.3804 28.2298 17.5600 45.3980 14.3514 18.9422 17.2000 41.8686 17.7286 18.3260 23.8976 11.0686 59.5804 17.9804 62.6800 16.4680 8.5786 28.1960 
29.1768 71.9900 31.7100 27.4500 31.3000 75.6200 14.7400 26.9400 49.4400 24.4000 30.6600 44.8200 43.4700 35.0800 77.2900 33.4900 21.2600 72.3300 73.1700 25.4600 62.6200 41.3800 35.1200 38.5600 0.0000 87.9858 40.8483 29.4945 79.9670 34.3458 51.9558 70.5700 24.2158 15.3058 29.9160 35.2100 68.0664 42.1030 28.4452 24.9258 41.9615 30.5188 25.5976 21.1152 31.2656 35.6960 26.3938 48.6465 45.1727 34.4030 17.0500 
61.2100 83.6700 55.7400 59.2400 57.7600 20.0400 75.2800 59.4700 78.1400 79.8300 57.1900 41.5600 46.8700 54.7800 63.6700 66.1900 69.2700 52.5700 20.8200 68.4400 47.3900 65.4400 55.3400 53.7200 86.3600 0.0000 115.5460 80.3152 24.3870 59.2202 45.0310 28.7980 64.5915 74.0800 62.9004 54.0808 25.7652 63.9100 72.1251 64.6068 92.1700 70.5551 71.5060 75.8800 63.7551 95.2098 66.0700 85.5236 49.3072 61.6620 72.6040 
56.7839 74.5600 59.3700 58.8200 63.8500 106.8700 39.9500 56.7700 80.3200 36.8100 57.8500 74.5900 68.6400 60.3400 88.7200 51.4000 54.4400 87.9200 98.7400 46.9000 81.0900 56.3100 59.8900 62.1300 33.2100 114.9700 0.0000 62.7045 111.2170 61.7704 78.5204 102.3860 53.9060 44.9960 63.1260 66.4258 99.4364 59.6228 46.0410 54.6160 48.2720 47.5428 44.4804 46.2359 54.2190 68.9060 56.0840 81.8565 72.3627 56.7843 50.2600 
36.9637 91.8300 37.1200 26.5600 22.9800 62.5800 34.4000 30.6100 21.3600 47.7800 37.3900 40.8000 48.4400 42.8200 90.7400 49.8800 15.2400 82.7800 71.7800 42.0400 71.6100 57.8400 43.5400 47.3000 28.0900 78.4400 59.4000 0.0000 66.9270 40.0500 52.5527 58.7610 35.4068 33.1668 21.7227 34.1301 55.6410 56.8368 48.1052 36.7168 65.3415 48.2254 45.1060 40.7752 45.6468 18.1296 32.9368 19.1520 44.3072 46.3075 29.4210 
56.4700 93.0200 52.5300 52.4500 48.8000 4.1400 71.2300 54.2500 62.1200 78.7700 54.1800 36.8200 47.4700 53.6000 75.9000 66.9500 60.1300 64.3700 32.4800 66.8400 56.5000 68.5300 54.4400 54.1300 79.7300 19.1300 111.0100 66.2500 0.0000 54.1094 40.5435 11.4342 60.5700 68.8994 53.4394 48.0994 13.6194 68.4814 71.2251 60.5300 93.9251 69.6551 69.9060 72.8700 62.8551 84.3796 61.0300 70.8140 44.5672 60.7620 66.0730 
7.4830 55.0300 2.9400 13.6800 19.7000 48.3300 20.9000 9.5000 54.4500 26.3700 3.1900 15.8700 9.7800 2.9800 50.7800 16.1500 25.0500 42.8100 39.5400 14.4500 31.7800 21.4800 3.9600 7.3400 33.7900 54.6000 60.3700 40.0500 52.4000 0.0000 22.0877 45.6552 11.5830 20.3530 20.8898 13.1100 42.5352 20.3764 19.8485 11.3764 43.1560 18.8897 17.5160 21.8800 12.3751 52.1424 12.3430 55.5000 16.2756 10.2820 21.2534 
24.9630 57.3700 19.4900 26.4900 28.7500 34.6700 38.6500 24.7400 60.8200 42.5300 20.6700 11.8200 9.6100 17.5300 45.6200 29.2500 38.4100 35.1000 22.0100 31.1300 24.1100 30.1400 18.0300 16.5100 51.1800 37.3300 77.8600 51.7100 38.3900 17.7500 0.0000 37.3660 28.3415 37.8330 31.0142 20.2642 37.8142 30.8614 34.2800 28.3568 57.5151 33.2451 34.1960 39.3600 26.4451 64.1142 29.8230 63.7242 8.8842 24.3520 37.8034 
46.9100 88.2000 42.8800 41.7500 37.7500 7.4600 60.9800 43.9200 52.2200 69.3500 44.5600 27.2600 39.5800 44.6800 73.2800 58.4300 49.0000 61.8300 32.3700 57.4200 52.6000 60.9800 45.6000 45.8500 68.8400 26.1800 100.5200 55.1200 11.2100 43.1200 31.4000 0.0000 51.0100 58.7100 42.8904 39.1600 4.6800 60.2014 62.3851 50.9700 85.0851 60.8151 60.4860 63.2500 54.0151 73.2496 50.7000 60.9140 35.0072 51.9220 55.3730 
4.9610 57.9200 8.4300 11.5700 18.7900 56.2300 11.1400 7.1000 51.4100 19.9600 7.1100 23.6200 19.7800 11.4600 57.4300 16.0100 18.9600 50.7000 49.6600 9.3000 40.1900 23.7700 11.6400 15.3300 23.6900 64.1600 51.0600 34.1000 60.3500 10.1300 27.7900 50.3300 0.0000 11.3492 17.9498 15.6110 49.1310 21.8892 14.7692 1.7292 37.5215 14.3319 12.3660 13.7388 11.5938 44.9098 3.3098 52.8588 21.6227 13.8450 15.3494 
13.8710 61.7600 17.1900 16.0000 22.1500 63.6800 4.3500 13.5900 50.2700 17.5500 15.9900 31.5600 28.6400 20.2200 64.0500 20.5600 17.1200 58.2300 58.5600 12.2100 48.1400 28.7500 20.2600 23.7500 14.8600 72.6800 43.1900 30.7100 67.8200 19.0400 36.6500 57.3900 8.9100 0.0000 22.2675 23.2458 56.6164 29.7800 15.6247 9.6200 35.1115 18.0555 15.2076 10.7252 20.2188 39.7580 11.0880 49.0355 30.5027 22.7550 9.1875 
18.4160 73.9400 16.8400 6.1100 3.6200 48.3500 23.4700 10.9800 35.0400 35.7800 17.5300 20.6400 27.4400 22.6400 70.4100 32.5500 8.2100 61.9700 51.6800 26.2100 50.7100 39.7300 23.5000 27.0500 27.7000 61.0800 60.3400 21.0900 52.4000 19.7100 30.8300 41.3600 16.9400 19.1500 0.0000 12.4074 46.0400 37.2293 31.7092 18.6692 53.3415 31.2719 29.2760 29.8452 26.7246 39.2196 17.4745 39.5457 24.9472 26.1893 14.9112 
12.6735 65.6400 8.4800 6.6300 9.7300 42.8700 24.3100 7.2600 44.3400 33.7100 9.9200 11.2800 16.6900 13.5700 60.1700 26.1900 18.3700 51.3100 41.4400 22.2100 40.0000 32.1000 14.5900 17.5600 33.5800 52.8400 64.0000 32.0700 47.0100 10.6500 20.0500 36.6600 13.9200 20.8100 10.9800 0.0000 37.9452 30.9664 28.6892 15.6492 50.8731 26.5731 25.2760 27.6588 22.3225 47.1798 14.0400 45.6557 14.2250 20.9120 18.5232 
44.3400 85.0800 40.3800 39.8200 36.2300 8.5400 58.7600 41.7400 52.8800 66.7900 42.0500 24.6900 36.6400 41.9500 70.2200 55.6300 47.6300 58.7800 29.6900 54.8600 49.4900 58.0300 42.8500 42.9800 67.0900 25.2600 98.4600 54.5500 12.6400 40.4900 28.3400 3.1200 48.0000 55.2800 39.8200 34.4800 0.0000 57.3314 59.6351 48.4000 82.3351 58.0651 57.9260 60.7400 51.2651 72.6796 48.5200 59.7584 32.4372 49.1720 53.0032 
23.6608 37.1000 20.5300 30.7800 37.4800 61.1200 26.0600 25.9000 71.9100 21.2100 19.4800 31.5300 17.7100 15.2600 36.7200 7.3400 40.3600 31.8500 43.0900 15.3700 23.3800 3.7100 14.2100 12.0600 40.7500 62.1900 57.8900 55.5600 64.9000 18.1300 26.5200 57.2900 21.4800 27.3600 36.8700 28.7800 54.3300 0.0000 16.4876 21.9365 34.0732 14.1276 18.4360 24.0076 13.0065 66.3898 24.7898 71.9000 27.2780 13.4688 34.3220 
16.8432 46.3300 19.0800 25.6200 32.8500 66.8000 12.8000 20.9500 64.7300 8.2600 17.4000 34.4100 24.7000 17.2900 50.4100 7.1300 31.5900 46.2300 54.2300 4.8000 37.5600 14.4700 16.5200 17.8700 26.9500 71.5700 44.7000 45.9900 70.8400 18.5500 34.2800 61.6600 14.0600 15.4700 30.9200 26.9200 59.0300 14.4000 0.0000 13.1704 25.8215 2.4308 4.7946 8.2829 9.0396 55.2280 17.3064 64.1100 30.7566 11.0466 23.1920 
5.7652 56.6100 8.2100 12.5900 19.8300 56.3900 11.3900 7.9400 52.6700 19.2900 6.7300 23.7100 19.0300 10.6000 56.1600 14.7100 20.2800 49.5100 49.0900 8.2500 39.0700 22.4500 10.6900 14.2900 24.4800 63.9100 51.1600 35.4200 60.5100 9.5600 27.3000 50.6100 1.3200 9.6200 18.1100 14.4300 48.2200 20.1600 13.0400 0.0000 36.8515 14.4354 11.3160 15.0403 12.9138 45.9470 4.3470 53.9400 21.2427 13.8380 16.2179 
39.9732 40.3000 42.3500 48.1600 55.2500 89.4400 30.1400 43.8200 84.3300 17.0500 40.6800 57.4700 46.1600 39.9700 54.8500 26.4900 51.4600 55.5600 73.1100 27.9300 50.8000 27.1100 39.0700 39.3400 37.7700 92.1700 34.4800 63.8100 93.4000 41.6300 55.6600 84.6400 36.7300 34.4000 52.8300 50.1400 81.9200 30.0700 23.2800 35.9200 0.0000 25.7108 28.0746 26.4759 32.3196 73.4660 40.0398 82.9620 53.4179 34.3266 43.4225 
17.1132 44.9300 18.1900 25.6000 32.8300 65.3600 14.6100 20.7900 65.3800 10.3200 16.5600 33.1700 22.8200 15.7800 48.2800 4.7800 32.4000 43.9300 52.0900 5.0700 35.2100 12.3700 14.9400 15.9400 29.0200 69.6600 46.9500 47.0600 69.3700 17.3300 32.4200 60.3800 14.1900 16.8700 31.1300 26.3100 57.7000 12.0800 2.3600 13.0400 24.3000 0.0000 6.5224 10.3550 6.8680 56.5794 17.3870 64.3800 28.9515 9.2415 24.0220 
14.9632 49.9600 17.2800 22.6500 29.8300 65.5700 9.3600 18.1900 61.2100 9.2100 15.6000 32.9400 24.6500 16.6000 53.4500 9.6600 28.0200 48.7600 54.7100 2.9200 39.6300 17.5900 16.0100 18.1000 23.8400 71.3500 44.0400 42.3400 69.6500 17.2900 34.0400 60.1500 11.1200 11.8200 27.7100 24.6000 57.6200 16.9700 3.6600 10.2800 25.6400 5.2600 0.0000 6.6220 10.9288 51.5780 14.4298 60.8555 30.1127 14.0662 20.8992 
17.8010 53.0100 20.3300 23.6900 30.6100 68.7300 6.1300 19.8100 60.1500 7.7900 18.6900 36.0200 28.9100 20.6100 57.7400 14.1800 26.9600 53.3600 59.1200 7.3200 44.3400 21.8000 20.1400 22.5500 19.6400 75.3400 39.7400 40.4600 72.8400 20.8600 38.1300 63.0300 12.8400 9.8800 28.0400 26.7600 60.6200 21.5200 7.3300 12.4300 24.8200 9.5000 4.7300 0.0000 13.1199 49.4936 14.5350 58.9155 33.2027 16.2573 18.7698 
13.3294 47.7300 11.7900 20.5400 27.6300 58.5600 15.8900 15.5900 61.3600 16.5800 10.2500 26.4000 16.4200 8.9800 47.7600 6.1500 29.2100 41.8800 46.3200 5.6800 32.0800 13.5200 8.1700 9.7200 30.5600 63.2800 52.4200 44.3500 62.5800 10.6000 25.9500 53.5800 10.2500 16.4000 26.4600 20.1700 50.8900 11.3100 8.3700 8.9300 31.0700 6.8000 8.4200 12.9900 0.0000 54.8770 13.2770 61.5900 22.5179 3.1374 24.6320 
47.8637 100.3500 48.2000 38.1100 35.3300 74.6500 41.4900 41.6200 24.9200 54.1300 48.2300 53.2500 60.0100 53.7100 101.2600 58.9100 26.1400 93.9000 84.2900 50.6800 82.9000 67.0700 54.3200 58.1500 31.0400 90.9300 57.6000 12.5900 78.2200 51.1200 63.9300 67.1900 43.8900 38.6000 33.1100 44.0400 66.7900 65.2100 54.0200 45.1800 68.7400 55.4700 50.3900 47.5900 53.9000 0.0000 44.9280 27.9850 56.6572 55.0753 35.4904 
6.4638 60.3900 8.9800 9.5500 16.6900 55.6000 11.4900 5.6500 48.9600 21.6900 8.0300 23.2400 20.9900 13.0000 59.6700 18.4800 16.5100 52.7400 50.4400 11.5800 42.0900 26.2300 13.3400 17.1300 22.7300 64.2900 51.3600 31.6700 59.7400 11.2100 28.4600 49.5100 2.4700 8.4000 14.6400 12.8600 47.2800 23.9000 16.2700 3.7800 38.6100 16.5500 13.1400 14.2500 12.7100 41.6000 0.0000 50.4088 22.5427 15.1866 12.0396 
53.4360 108.6500 52.0500 41.2900 35.5700 64.2400 52.4100 46.0000 6.2100 65.8500 52.7000 51.2200 61.9400 57.8400 105.4400 66.7600 31.9800 96.5300 80.4400 59.3100 85.1800 74.4200 58.7000 62.2400 46.0100 82.6700 75.8400 18.2400 67.2400 54.9000 62.9800 57.0300 50.7500 48.5500 35.2100 45.3000 57.4600 71.8000 63.5200 52.0500 82.0300 64.3800 59.9200 58.4000 60.9200 19.3000 48.2800 0.0000 56.8972 61.3993 46.1610 
18.3830 60.8500 12.5700 17.9100 20.1200 36.5600 32.1000 16.7000 53.0500 38.2000 14.0900 5.3800 9.2000 13.0400 51.9000 26.7500 29.7400 42.0900 30.1800 26.3100 30.7800 29.9800 13.9300 14.3800 43.5800 43.2100 71.9400 43.0400 40.6000 11.8800 8.7100 31.6900 20.9600 29.5100 22.1300 11.3800 28.9300 26.2800 30.2400 20.7800 52.9900 28.8100 29.1700 32.6700 22.0100 55.2300 21.1300 54.8400 0.0000 20.2520 29.9032 
10.1920 48.0100 10.2900 19.8800 26.7900 56.2300 17.7800 14.9500 60.9600 19.0600 8.9200 24.2500 13.9300 6.6800 46.8200 7.5100 29.3600 40.4600 43.8800 8.0200 30.3600 13.8100 5.8000 7.2700 32.2900 60.7900 54.8700 44.5900 60.2400 8.6500 23.4700 51.3600 10.6500 17.8100 25.9300 18.7600 48.6400 11.0400 10.8300 9.3500 33.2900 9.1500 10.8300 15.3300 2.4900 54.5300 12.9800 60.7700 19.7100 0.0000 24.3420 
15.9438 68.2500 17.7800 11.9500 16.5000 60.2000 11.5500 11.9900 42.9300 24.9000 17.1900 29.4400 30.0900 22.4200 68.9100 26.4500 9.7800 62.1900 58.6900 18.4000 51.5700 34.5600 22.8000 26.6000 15.5000 71.0000 47.3800 23.7000 64.3200 20.3700 36.7200 53.5200 11.5200 7.3500 13.0800 18.1600 51.6800 32.6600 22.3000 12.7700 41.6900 23.3800 18.6600 17.2200 21.3500 32.5600 9.4800 41.3200 28.6500 22.0900 0.0000 
~
Delivery quantities;
61.76	30.27	48.26	6.32	19.90	66.49	11.05	30.74	37.39	1.98	93.43	25.05	59.85	70.20	43.96	11.35	38.60	74.13	83.13	15.65	91.18	22.24	37.04	35.41	97.28	61.25	98.26	59.69	6.77	61.27	19.92	45.62	49.76	32.23	57.20	5.22	66.41	35.15	31.89	13.72	56.47	35.74	40.10	18.26	26.12	65.22	35.84	28.92	19.76	73.00
~
Pick-up quantities;
52.82	33.57	42.83	4.00	25.16	87.01	10.88	32.77	18.81	1.12	119.11	17.56	77.22	39.78	32.27	12.44	51.61	41.61	66.14	12.91	53.69	28.87	54.39	25.98	141.14	36.31	84.87	69.98	6.36	80.58	16.82	52.67	57.78	32.92	69.73	3.00	35.18	51.25	37.59	18.86	77.23	42.30	52.29	12.83	27.36	54.27	43.89	14.49	18.57	42.74
~
Vehicle capacity; 
269.56	269.56	269.56	269.56	269.56	269.56	269.56	269.56	269.56	~


