Cost matrix;
0 48.8000 43.6100 44.4500 41.0200 30.4300 45.2100 25.1400 23.5700 40.7500 43.6900 26.4200 47.6800 50.4700 33.7800 25.1500 46.8300 14.6100 50.8700 23.5300 59.6100 39.3800 31.3300 40.5300 26.3700 37.6900 16.6800 54.5300 15.3200 34.7600 39.1300 23.3700 56.7800 43.6600 34.8100 9.5200 52.8000 17.2800 37.0400 23.5900 48.4700 36.3800 51.8700 41.4000 35.0700 26.3600 18.4400 52.3600 39.0600 24.1700 10.9000 
53.0173 0.0000 85.1400 29.9776 86.6740 47.0476 86.5600 73.7940 49.8196 90.1100 47.0276 75.8339 21.4076 89.9600 61.5052 28.0640 96.0740 64.0239 38.2305 73.8840 98.9780 65.1780 44.2060 84.7100 24.2740 86.4900 55.6200 42.2807 68.3373 41.0360 90.7066 46.9352 99.3255 94.7979 66.1436 61.8586 55.4655 70.2973 87.2579 68.1444 98.4379 38.4560 101.7479 92.0879 32.5748 47.2340 68.2479 23.4651 37.4236 33.5552 63.9173 
47.5596 85.1400 0.0000 88.7108 59.8352 53.8850 4.7550 46.1852 47.9508 23.1763 61.5566 36.5752 75.8914 18.0166 73.3500 65.5208 47.9362 35.7300 74.1854 28.1466 24.3960 44.0066 76.3582 10.0252 68.1008 36.2752 32.0908 99.7708 36.1408 79.8582 22.9852 67.4882 14.1855 29.7257 39.4366 36.2308 96.2982 43.4676 44.2352 22.1508 46.3513 81.6582 47.9258 30.3758 71.3149 56.9549 38.8602 81.1824 68.5308 69.9782 34.9582 
50.0812 23.4200 87.0700 0.0000 75.8012 52.3680 91.8250 67.2388 51.8080 89.5944 63.4880 73.6144 42.1512 93.4880 42.4912 27.6480 89.3012 62.3344 59.3382 72.5044 104.3480 73.4280 22.4812 89.4844 27.5125 84.9844 62.6944 15.8346 64.3044 20.8906 88.0644 35.1088 101.2555 92.1944 68.8580 58.0944 31.1304 62.2844 82.4444 71.5744 92.2215 19.1688 97.4435 89.6644 42.3891 48.0420 65.8944 46.8851 54.0384 24.9444 60.9812 
50.8913 84.9400 56.6300 71.4200 0.0000 72.6378 61.3850 22.5536 65.0178 40.0588 84.9978 29.5560 92.7578 74.3218 37.4306 70.9178 22.9491 31.1678 95.2233 38.3350 80.8788 76.7240 61.3441 52.5188 73.8941 27.5388 52.3740 78.8934 38.7789 63.1234 41.4318 51.1641 70.8155 39.0918 72.7533 44.1933 65.5618 32.3911 20.1818 51.3493 23.2300 60.5434 28.4520 37.7759 83.2266 71.2744 34.8656 93.6876 84.8742 65.8821 39.8666 
36.2117 38.6100 49.5200 49.7400 70.9200 0.0000 52.9684 55.8284 9.4184 61.2536 18.1305 53.6285 30.0458 52.4160 61.3036 26.7036 75.5085 44.6460 26.5958 46.1836 62.1390 31.2190 49.0836 55.1524 30.4836 63.6536 26.7636 65.5336 40.0785 51.3036 59.2410 46.9436 63.7055 63.9948 26.6490 32.6960 73.3436 49.7536 66.8838 35.9924 76.6236 51.4236 79.6068 67.3036 21.2636 6.9036 48.0138 32.8158 14.6458 37.8298 38.1938 
50.7296 85.4300 3.1700 88.1900 59.7000 49.1300 0.0000 49.2789 51.1208 24.7740 63.1056 39.7452 79.0614 15.6520 76.5200 68.6908 50.1540 38.9000 69.4304 31.3166 23.9730 42.9549 79.5282 13.1952 71.2708 35.9340 35.2608 102.9408 39.3108 83.0282 22.6440 70.6582 17.2393 31.3234 40.9856 39.4008 99.4682 45.5385 43.8940 25.3208 47.3540 84.8282 48.3340 30.7840 67.2464 56.0336 42.0302 81.9458 63.7758 73.1482 38.1282 
32.1287 72.4300 42.3800 62.8400 17.6200 53.9600 45.2100 0.0000 48.4780 30.1752 68.4580 13.2616 74.7975 56.2770 42.9975 51.4375 26.2745 14.6280 77.2475 19.5570 65.0960 58.0620 49.6072 40.8736 51.9775 18.8968 34.5120 71.9745 19.6820 51.5445 33.0933 39.4272 56.5655 31.5008 53.9020 27.2775 62.6778 9.8375 16.1245 33.0120 31.8668 54.3567 34.1768 29.4668 65.0620 54.2420 12.3120 77.5000 68.1841 46.2840 23.3268 
34.1765 42.2200 43.6000 49.7600 63.5200 7.7200 43.5500 46.4100 0.0000 51.8352 25.8505 45.3952 34.3241 45.0606 63.4041 28.5088 67.1952 35.2276 31.7953 36.7652 52.7206 21.8006 48.5479 45.7340 28.0679 54.2352 17.3452 65.0069 32.1576 52.8545 50.1040 49.0441 57.6806 56.5640 17.2306 23.2776 74.7927 41.1354 57.4654 26.5740 67.2052 53.5241 70.1884 58.8430 23.3641 9.0041 38.5954 39.6151 22.3658 39.9303 28.7754 
42.3800 88.4500 20.5100 84.8300 38.4300 58.5200 23.6600 27.9400 51.1900 0.0000 68.4181 20.9581 83.6381 36.4736 64.9781 66.2181 27.0066 29.2181 79.9981 18.5181 42.7636 50.3681 71.3081 14.3736 68.0481 13.3964 35.3581 95.2281 26.7281 74.8381 2.9181 63.6725 34.6955 6.5494 51.8164 34.9665 89.9760 33.6560 22.7695 29.0364 23.1750 77.6503 24.7495 7.1995 74.3505 60.1941 29.2317 88.9291 71.8395 66.5500 31.5373 
49.6417 43.4000 55.2500 59.1200 83.7300 13.4300 54.1300 66.4900 20.2600 67.6300 0.0000 64.1800 26.3886 56.5120 73.4424 37.7358 85.9600 53.8300 18.1192 57.0252 63.3920 29.5920 60.0000 65.2752 39.5200 74.4952 37.6052 73.6458 50.7600 63.0958 70.3640 59.0824 69.4355 74.1794 32.0740 41.8800 85.2558 59.7378 76.0678 46.8340 86.9678 62.5858 89.1800 71.6300 23.5258 19.0424 57.1978 30.3858 12.2158 49.9686 47.3778 
26.4300 75.2000 32.9300 68.3700 24.6300 51.7100 35.8400 9.6800 43.9900 18.6500 63.3200 0.0000 74.1100 47.2668 46.4656 51.5800 24.9550 15.7451 74.1085 10.5468 56.0020 52.9085 53.6256 27.6120 52.8000 16.7580 28.8915 77.5056 14.4985 57.1056 21.5681 43.5856 47.1155 20.7568 53.0929 24.5329 69.6256 13.3056 14.8050 30.5780 23.5410 59.9178 28.7630 17.3368 61.5000 52.7900 11.9051 78.7900 65.4900 50.6000 20.9655 
49.5872 19.6400 75.1400 40.5300 87.9900 25.6400 74.7700 72.8200 31.9400 82.7500 25.6200 73.0300 0.0000 72.5560 69.9282 30.5216 96.4172 63.8816 17.1870 67.7964 79.9260 46.1760 51.7968 76.8564 33.5316 84.9964 48.8664 56.3646 61.4964 55.1916 81.2964 55.4516 85.0560 87.4064 44.7360 52.7064 71.6604 66.8672 86.6216 58.1864 96.5710 54.4716 100.2764 86.2264 14.8916 25.8264 68.0242 5.2910 16.0160 44.9081 58.2042 
58.2648 84.9200 15.1400 90.8400 70.6000 46.8000 12.0400 55.1400 42.8100 35.6400 48.8200 46.2100 71.9000 0.0000 88.3660 71.1072 62.1940 50.8700 66.9392 43.2866 11.1630 36.0728 87.6960 25.1652 70.8779 47.9740 42.7960 106.6746 46.8460 91.0860 34.6840 79.7060 17.6859 42.1894 36.4573 46.9360 105.3252 57.5785 55.9340 32.8560 58.8150 93.2142 60.3740 42.8240 66.1741 51.8141 54.0002 77.1910 61.0358 82.4348 50.0982 
34.4556 56.0900 73.3300 37.2600 37.0600 59.5000 75.5900 35.3500 54.5300 62.7900 72.6700 44.1400 65.9700 82.8800 0.0000 41.8575 60.0091 44.3740 78.2775 53.9220 92.8516 73.8356 29.2146 71.7520 38.9475 54.2468 51.1356 41.9210 49.7756 27.5472 65.7081 20.0464 87.5155 64.8968 69.2656 42.5816 28.1312 38.1340 51.4745 58.0456 60.2900 24.9672 65.5120 61.4768 57.4275 59.9675 47.0572 71.2610 67.2975 29.3475 45.3556 
25.4015 23.6500 63.6200 25.6000 62.8500 24.7200 64.3500 49.1900 24.1600 65.0800 35.8400 51.5600 26.4100 65.8400 39.9400 0.0000 72.2315 40.0115 42.3188 48.9315 76.7000 45.7800 24.9901 65.9315 4.5101 63.0915 41.5052 41.4346 40.7215 28.2365 64.5315 27.7665 77.8055 69.0615 41.2100 34.9215 50.2165 42.6815 62.4415 48.9915 73.8715 28.6965 77.2715 66.8015 23.4450 20.3940 43.8415 31.7010 30.3688 14.3865 36.3015 
48.3200 94.7000 46.5400 84.4600 17.7900 73.5900 49.7100 22.2800 65.8800 26.2200 85.1600 21.8900 94.3100 61.5400 53.0600 71.3800 0.0000 36.3410 95.9985 31.3201 68.9622 74.7985 69.1688 40.5936 74.2575 18.6260 50.7815 92.9188 36.3885 72.5688 29.1381 58.9888 57.8860 24.3960 71.2010 46.4229 81.1912 32.1175 13.6010 48.8702 5.6560 75.3810 10.1439 22.7584 83.3900 74.6800 33.7951 99.6010 87.3800 68.5640 42.8555 
19.7235 63.3900 35.7300 57.4100 30.2600 41.4700 38.0900 12.7200 33.8500 27.6000 53.8300 11.8100 61.5900 46.3300 37.6200 39.7500 32.7500 0.0000 64.0555 14.1440 57.0511 46.0211 46.2990 33.4140 44.2601 23.5540 21.7755 68.8802 7.6111 49.7367 27.6540 36.7024 49.9155 30.7740 41.5855 13.0255 64.0576 7.7376 23.2340 24.1388 34.4140 50.5302 37.7240 28.0640 52.0588 40.8388 4.2240 66.8810 53.8588 37.7639 8.6988 
52.3961 36.4100 67.7900 55.8600 91.8100 21.4500 66.7600 75.1500 29.1700 79.2000 12.7600 73.1600 16.8500 61.5600 75.9000 36.4200 95.0400 62.8000 0.0000 65.9352 70.5744 39.5238 61.4101 74.9040 40.9301 83.4052 46.5152 71.6946 61.3276 64.6565 79.2740 64.1865 79.2459 84.3855 44.8340 52.4476 84.8232 67.4100 86.0340 55.7440 96.3752 65.1165 99.3584 84.3900 26.6319 28.3536 67.0240 21.6524 17.2080 50.8065 57.9454 
24.4712 71.3700 24.6900 67.8000 34.8500 43.7900 27.2900 18.4500 36.1400 17.2500 54.5500 10.3400 66.7700 36.7200 49.0200 47.9000 31.0100 11.5700 65.1000 0.0000 47.8830 45.2904 54.4192 27.6848 50.0492 18.1688 24.8576 78.0092 11.4119 57.9192 20.1681 45.5492 38.8755 23.7994 42.8112 18.4092 72.9436 16.9536 25.1450 20.0312 31.1388 59.7192 34.5555 22.0778 56.3792 45.1441 10.7136 71.0500 58.1792 48.0392 13.0192 
61.5402 93.1500 21.4000 99.8000 77.9900 54.7200 18.3000 63.2000 51.2800 41.3900 55.2800 53.9900 79.3100 9.1500 91.8600 74.6600 67.6100 55.0200 67.8600 44.9500 0.0000 40.2220 91.1998 31.4252 79.1701 54.2340 44.3598 114.6527 49.9344 95.0227 40.9440 83.5627 19.0092 47.9394 43.2978 50.7727 114.3402 61.9036 62.1940 42.0060 64.3572 97.0509 66.1395 48.5895 74.6441 60.2841 55.6636 84.6010 67.4958 85.7102 56.2705 
43.2242 60.3500 34.3000 70.4700 73.5800 21.8000 32.7900 56.0100 20.8500 49.5400 21.9200 50.1600 45.5400 26.9200 72.8300 44.8900 70.8800 43.7200 34.6700 40.0800 33.8000 0.0000 66.9438 40.1520 48.9179 58.2488 26.0438 85.8569 40.3438 69.7438 50.9038 62.0338 44.6059 56.0894 6.1238 37.6542 92.4033 51.4576 64.9650 31.8652 71.2188 70.8833 74.2895 56.7395 42.3424 28.7036 47.9440 50.8310 34.1358 56.5733 42.5110 
36.6561 36.2400 74.9300 18.1300 53.3200 47.3800 76.5300 45.7100 44.5900 69.6700 59.4300 52.1800 47.9600 81.1800 20.0100 23.8400 66.8200 42.0900 60.0600 53.2600 90.3200 65.0600 0.0000 75.5040 22.2549 64.6068 50.4049 24.7366 49.7011 4.3066 69.7440 14.9646 89.1155 72.8640 61.8206 45.8049 29.8388 49.8276 60.3942 59.2849 71.8692 7.1188 76.9639 69.5168 40.2730 43.2749 46.3140 53.2510 50.6049 12.6549 47.5561 
42.7288 84.7100 7.0600 84.7400 49.8100 50.9100 10.2300 36.1600 44.3200 13.5600 58.1200 26.5500 76.2400 22.1000 68.3800 62.3500 39.4900 30.8400 70.3500 19.3600 28.3900 38.2400 71.5500 0.0000 65.2600 26.2500 35.1989 95.2800 29.2818 75.6500 12.9600 64.1900 21.2455 20.1094 44.3348 31.4000 92.3036 36.3136 34.2100 27.0156 36.7350 77.6782 38.3095 20.7595 67.6841 53.3241 30.0736 81.5310 65.5558 66.8988 31.9696 
28.7433 22.9000 66.3400 22.0100 62.4000 28.5100 67.1900 49.5200 27.7900 66.8500 39.5200 52.5800 28.4800 69.0800 37.4900 3.7900 71.8000 40.8300 39.5900 49.6100 77.9600 48.5800 20.4800 64.7700 0.0000 64.3840 44.6244 36.9390 44.0633 24.7866 66.4326 26.7240 80.5255 71.6040 45.0000 37.5846 46.7248 46.0233 64.0640 52.3333 75.2440 27.5988 78.5540 68.8940 24.7912 24.1840 45.0540 33.7710 34.1588 13.3440 39.6433 
37.8300 86.4900 32.0400 79.6400 25.9800 61.2000 35.2000 18.1700 53.5200 12.5200 71.9800 11.4000 83.6000 46.8600 53.4600 62.8400 14.9100 23.1200 82.5600 17.4700 53.3400 56.4600 63.1600 24.9800 63.9400 0.0000 40.2915 87.8966 25.8985 67.4666 15.4381 54.9856 46.1840 12.6040 56.2966 35.8792 78.8154 24.7056 11.2056 37.5012 12.9700 70.2788 18.1920 10.5700 72.9000 62.5241 23.3051 88.5200 75.6492 60.8839 30.4892 
17.1804 55.6200 30.0700 57.3200 49.8800 24.4100 30.9400 32.2800 16.8400 34.4900 35.3100 28.0500 48.2800 34.3400 50.3200 33.5700 49.8500 19.6600 45.6800 19.4200 43.4900 24.3500 46.8400 29.0900 36.2800 36.8900 0.0000 71.5766 15.3470 51.1466 36.0544 40.5504 44.2555 41.0394 28.8840 12.2500 69.9804 27.3976 40.9631 12.5244 49.8600 53.5604 52.8432 41.4978 40.2041 25.8441 23.3803 53.5710 39.0558 41.3504 16.4672 
58.4566 35.5300 98.0100 13.8900 74.8300 63.3800 99.3900 69.2700 62.9200 93.6000 73.0000 76.0800 53.8700 102.9600 38.1100 38.9000 89.6800 66.0100 69.5700 77.0800 112.0200 83.7400 23.9400 95.0400 35.1800 86.9600 68.8900 0.0000 69.3200 20.4300 93.6640 38.9046 112.1955 96.7840 80.1100 66.4698 22.9602 69.2822 84.3342 79.9498 95.3360 23.2422 99.8239 93.4168 56.2791 59.2940 70.2340 58.9951 65.7301 33.3198 68.0240 
20.0692 63.4700 30.6900 59.6200 35.2000 38.1700 32.8700 17.6000 30.4500 25.4300 49.9300 13.5500 59.8500 40.6600 42.7300 39.9000 35.4300 5.8100 59.6100 8.2100 49.4400 38.4100 45.3700 26.3800 41.4900 23.7500 14.9000 69.0900 0.0000 49.6766 28.3481 36.9444 44.8755 31.8864 38.5944 10.0344 67.8070 13.2000 27.0433 19.8658 36.7200 52.4888 41.5333 30.2878 48.3582 38.6070 8.0333 65.1410 51.6270 41.4870 6.4670 
40.1861 35.4100 78.3700 15.5900 56.2200 49.5700 79.9400 49.0900 47.1700 73.1900 61.2800 55.6700 48.4200 84.4400 21.7500 25.4700 70.0400 45.6200 61.2500 56.7900 93.5800 67.8000 3.5300 75.0500 21.9000 66.6200 50.1000 20.4300 48.8900 0.0000 73.2740 18.4946 92.5555 76.3940 64.4006 48.6322 25.5322 48.8522 63.9242 62.5422 75.3992 2.8122 80.1839 73.0068 42.7880 45.2880 49.8440 53.7110 54.1349 16.1849 47.5940 
40.0712 86.6100 19.0400 83.3400 38.9300 56.4200 22.2000 27.5400 49.1100 2.1300 65.5000 18.0400 80.7200 34.1000 62.0600 63.3000 27.5100 26.3000 77.0800 15.6000 40.1600 47.4500 68.3900 12.0000 65.1300 13.2900 32.4400 92.3100 23.8100 71.9200 0.0000 60.7544 33.2255 8.6794 48.8983 32.0484 87.6656 31.3456 21.2500 26.1183 25.3050 74.7322 26.8795 9.3295 71.9792 58.1141 26.3136 86.0110 68.9214 63.6392 28.6192 
24.7722 42.8500 66.4200 27.8500 43.7300 45.2200 68.2400 35.5200 40.9200 59.9100 58.1700 42.1600 51.1900 73.8400 14.9600 25.0200 56.7200 32.4800 60.9700 43.8600 82.9800 60.3500 10.1800 62.5800 22.7300 53.0500 39.8000 33.9300 36.2200 13.5800 58.7200 0.0000 80.6055 62.9168 58.1506 34.2922 39.1122 40.2176 51.6445 48.3622 62.3760 16.3922 66.8639 59.4968 42.7980 45.3380 36.7040 56.4810 52.6680 14.7180 35.6722 
59.4704 96.0000 13.5100 99.6000 68.5400 58.7700 11.5700 55.3200 53.8400 30.5500 62.0600 45.7100 84.2600 13.7100 86.8300 75.4800 56.5300 49.2300 74.8100 38.0800 13.0200 40.1600 88.1000 19.1600 78.4200 42.9800 42.2900 110.9200 44.2000 91.5100 29.7100 79.7800 0.0000 37.0994 46.2838 49.7408 109.8082 55.0336 50.9600 35.6608 53.7250 93.9704 55.2995 37.7495 77.2041 62.8441 48.7936 89.5510 73.4158 83.4882 48.4682 
44.9512 91.8500 24.5500 87.3100 36.7100 62.7400 27.6600 28.2900 55.3400 4.5800 72.0800 19.7100 86.7300 39.6900 63.5700 68.3500 22.9700 29.9000 83.5500 20.4800 44.9900 54.1200 71.6600 17.7800 69.9500 10.9600 38.5600 95.6000 28.4700 75.1700 6.6800 61.7400 33.5800 0.0000 52.7700 38.5044 88.2366 32.7466 19.0991 29.9900 20.7766 77.9822 21.7566 4.2066 76.8282 63.4274 28.5234 91.5300 75.6014 67.6639 33.4992 
37.1004 57.8100 33.1400 66.8100 69.4200 19.2500 32.0200 51.8200 17.0600 46.9000 22.1200 46.3000 44.0700 27.8300 68.2900 41.2100 67.3200 39.4200 34.7500 36.3700 35.4900 4.5700 60.8200 36.3400 44.8400 53.1100 19.9200 79.9400 34.2200 63.6200 44.7800 55.9100 40.4500 51.4500 0.0000 32.1700 86.2795 47.1576 60.6614 25.7414 66.0800 64.7595 70.9255 54.0995 36.2186 26.0641 42.2533 49.3610 33.8958 50.4495 36.3872 
11.3288 55.2200 34.1600 53.3400 42.0600 29.6300 35.7000 24.6400 21.9600 33.2400 41.8800 22.3000 50.9800 41.1600 42.1600 31.8900 44.0800 11.9500 51.0300 16.2100 50.2700 33.0300 40.8300 31.4000 33.8600 32.6200 8.7500 63.8800 8.8800 44.2500 31.4200 32.7900 47.2700 36.6800 28.5600 0.0000 64.1288 17.8578 34.1878 16.7552 45.0878 46.2782 48.2378 36.3278 45.3241 30.9641 15.3178 56.2710 44.2758 35.4988 5.4978 
54.2422 53.8500 95.2400 30.5200 59.7700 71.6400 97.2300 59.1300 68.7500 86.2700 83.4900 67.6900 69.4800 103.2600 23.8400 47.6800 76.5000 60.0600 83.1600 71.6300 112.3900 89.0200 24.2700 90.8600 44.0800 77.2700 69.2600 22.5100 64.6100 22.2100 85.4200 29.4700 108.7000 87.2600 84.6900 62.1400 0.0000 61.9740 75.2545 77.8322 82.1560 25.0222 86.6439 85.0268 64.5430 67.4980 64.2840 74.7710 74.8749 36.9249 65.1422 
22.2912 65.0100 40.8400 56.7300 24.7000 46.3200 43.3700 7.8700 38.8500 30.0500 59.0300 11.8800 64.9600 52.1400 33.1600 41.6000 29.7800 6.2400 67.4100 16.1600 60.6900 49.8400 40.3200 35.4200 42.1400 22.9300 25.6300 64.2000 12.0000 43.8000 29.1100 30.2800 54.2400 31.5200 45.4900 17.4400 56.3200 0.0000 23.9945 28.8267 35.4210 46.6122 39.9239 29.2168 57.3612 47.0788 8.9232 70.2510 60.0988 44.0039 14.9388 
38.1800 85.3500 39.6000 76.3900 17.8600 63.4500 42.7400 13.5500 55.7300 20.6100 75.0600 11.7500 84.3300 54.1400 47.5600 61.8700 10.1500 22.7400 84.8900 21.2300 60.9900 61.3000 59.2100 32.6100 62.5000 8.1200 39.7700 82.6500 25.2800 62.5700 21.2500 49.0300 50.9600 18.9100 57.6000 33.9400 71.3800 20.3700 0.0000 35.2692 15.8060 65.3822 19.9382 17.5941 73.1976 61.9776 21.2912 89.6210 74.9976 58.6500 29.8376 
25.4088 65.5600 20.5100 66.5600 47.9900 32.9400 21.7700 30.7800 25.8000 25.6500 42.1900 23.9200 57.6800 27.3800 55.5100 43.3700 44.5600 19.8000 53.5600 13.7200 36.4100 26.3700 54.8400 19.1600 45.9500 30.3800 9.9400 77.6200 13.9900 58.2300 23.5300 46.8500 33.3200 29.9900 22.7800 14.0800 76.1400 25.9700 34.9200 0.0000 43.3500 60.3582 48.2755 32.8495 49.1641 34.8041 22.0233 62.9710 47.5858 49.5788 19.5778 
48.8500 96.9400 43.0100 87.8300 23.2300 73.7700 46.1600 25.0400 66.0600 22.5000 84.8300 22.4200 95.4500 58.1300 57.6200 73.4200 5.6000 34.0000 95.1900 30.2900 63.7200 69.4000 70.4600 36.0300 74.1000 12.9700 49.6100 93.6600 35.8100 73.7700 24.0600 60.3000 52.2300 18.7400 66.0800 44.6600 81.2400 31.9800 11.6100 43.3500 0.0000 76.5822 5.2220 21.5410 83.9200 73.5876 32.9012 100.7410 86.6076 70.2600 41.4476 
39.5899 33.4400 79.9700 13.0400 58.7800 49.6400 81.4800 51.4600 47.6300 75.2600 61.0200 57.8900 47.1700 85.6700 24.2400 25.2000 72.5200 47.6700 60.4600 58.7300 94.8000 68.3700 5.7500 76.8100 21.5100 68.9000 51.3700 18.3500 50.7600 2.5800 73.9600 15.9400 93.0400 77.3200 64.2700 45.8200 22.7200 46.0400 64.9700 59.7300 76.2000 0.0000 81.4220 75.2268 39.9758 45.0731 51.8940 52.4610 51.6251 14.4531 50.1740 
52.0600 100.4300 43.6900 91.5300 26.4600 76.6000 46.8000 28.7200 68.9100 23.3000 87.4100 25.6300 98.6200 58.8300 61.2800 76.8800 8.6700 37.3300 97.9800 32.9100 63.9700 71.4000 74.1800 36.8400 77.6300 15.4400 52.3200 97.3900 38.8400 77.4900 25.0700 64.0100 52.1100 19.1400 68.2200 47.7200 84.8700 35.5400 15.2200 45.6200 3.7300 79.9200 0.0000 23.3466 87.1300 77.1976 36.5112 103.9110 90.2176 73.8700 45.0576 
43.1000 89.8700 26.4500 84.6800 33.4000 61.8300 29.6000 24.9800 54.3200 5.9500 71.6300 16.6700 85.3900 41.5600 60.3100 66.2900 20.3200 27.3300 82.8500 18.7100 47.3200 54.4000 68.8000 19.4700 67.7600 7.5500 37.4800 92.7200 26.4100 72.3000 7.5400 58.8100 36.2900 3.4200 51.4900 34.8900 84.0300 28.5400 15.5700 29.4400 16.5700 74.4800 17.5500 0.0000 73.9320 62.8160 24.3168 89.7600 76.4614 65.0939 31.7292 
41.0315 22.0100 64.6900 36.2300 75.5200 16.6200 64.6600 60.2000 21.1100 70.8100 23.0100 60.4900 12.6200 63.2400 55.5100 15.6300 81.7000 48.9900 20.9700 54.5100 71.3000 38.3300 39.1000 65.1400 18.6400 71.1500 36.5200 50.1200 47.4100 40.3000 68.8200 40.5600 74.8000 74.6700 35.8600 38.5600 62.3000 52.3400 71.7300 46.2200 82.8900 39.5800 86.1000 73.2000 0.0000 15.6524 53.2140 17.9110 11.6493 30.0165 44.0578 
37.1676 35.7500 50.3600 45.1100 67.2400 5.2300 50.3000 50.6200 6.7700 57.5300 18.3100 49.1800 25.3200 49.1700 54.4000 19.8000 70.9400 38.4000 24.5800 41.9700 57.4600 25.6000 42.1800 51.0300 23.5800 59.1700 23.0400 58.6300 35.6700 44.4000 55.4700 40.0400 60.4800 61.5800 22.4200 26.8800 66.4400 42.8500 60.8100 32.3600 71.4800 44.5200 74.4500 60.4000 14.3600 0.0000 42.1978 30.6110 13.9421 30.9262 32.3778 
23.5635 67.2100 34.6100 60.8500 27.8400 44.8200 37.1700 10.2600 37.1400 24.5600 56.9400 7.9900 65.3400 46.1700 39.2900 43.5700 29.0800 3.8400 66.2100 9.9200 54.6200 45.7500 45.1600 29.1900 44.6100 19.3300 22.2000 69.1000 7.3700 48.6800 23.4300 35.3500 48.0000 26.5500 41.5900 15.1900 62.2300 6.2400 19.0100 20.7000 30.1900 50.8000 33.5000 23.8400 52.7500 41.9300 0.0000 70.6310 55.8721 41.6039 12.4714 
54.3972 21.9300 78.5100 44.0100 92.7600 29.0300 78.0000 77.5000 35.7700 86.8300 26.9400 77.5400 4.8100 74.5400 70.6100 31.1700 98.9000 66.1600 16.2800 71.0500 81.6500 47.8600 52.3800 79.9100 33.1600 88.0000 52.3400 57.0300 64.2800 52.7000 84.7700 55.8800 87.1800 90.8700 46.7800 55.4000 73.4400 69.6300 88.8900 61.5700 99.9500 51.3400 103.0900 89.6200 17.3000 29.3000 69.8900 0.0000 20.8260 45.5565 60.8978 
47.3917 31.7200 60.4000 47.5400 80.0700 11.1800 59.8400 63.6000 18.5600 69.6600 11.8600 62.1600 15.4000 56.5400 64.3300 25.5200 83.9500 51.4300 11.9500 54.6600 63.9100 30.1600 49.3600 62.0300 28.9900 71.9900 35.4000 61.4300 48.6300 50.8800 67.5700 49.4700 69.0400 73.8600 28.7200 39.8800 73.0400 55.8100 73.8100 44.1100 84.4100 50.3700 87.3300 72.8800 11.3100 13.0300 54.9500 18.1700 0.0000 39.9065 45.3778 
25.1368 29.9600 67.1000 20.2800 55.1900 35.8100 68.3700 44.0800 33.3600 64.6500 47.8300 48.6700 38.0300 71.8600 27.9500 12.5100 66.2200 37.3900 48.9300 47.5600 80.9400 54.0700 11.6100 64.5400 9.6000 60.0400 37.7500 31.1400 39.3600 13.8500 63.1200 13.3800 79.8700 67.2500 49.9500 33.1500 35.8300 37.3400 57.5000 46.6300 69.0800 14.3100 72.7200 64.7200 28.0800 30.6200 40.9500 42.6600 37.9500 0.0000 36.0368 
15.6960 59.0500 33.9400 55.2900 36.8100 35.0100 35.8900 19.3100 27.3500 29.8800 47.2500 17.1700 55.8800 42.7700 40.1300 35.4600 38.8100 6.5900 56.3900 12.6400 51.7300 37.5500 41.4000 30.1600 37.0300 27.8700 13.2800 64.9900 4.4600 44.9000 28.2400 32.5300 47.3700 32.9300 33.1800 5.3900 61.3400 12.3600 28.6900 15.4400 39.5900 46.7000 42.7400 30.8300 43.3600 32.1400 9.8200 60.3700 45.1600 35.0200 0.0000 
~
Delivery quantities;
68.33	7.16	4.94	78.44	44.41	93.87	26.57	63.92	23.88	44.86	28.94	89.59	51.78	45.17	27.38	74.26	98.83	83.42	38.43	79.18	92.70	93.85	64.19	21.14	54.98	68.76	96.98	5.22	3.26	18.61	4.65	54.61	23.88	18.82	1.63	78.03	31.96	9.66	55.90	15.30	69.36	91.43	32.00	37.60	31.87	3.42	80.34	53.09	63.91	69.56
~
Pick-up quantities;
96.99	5.20	7.14	98.49	55.20	108.51	36.36	70.28	13.46	28.93	23.43	45.83	64.35	30.17	15.65	37.53	67.47	105.28	54.71	41.78	97.78	90.24	68.18	19.85	82.31	43.15	73.12	6.86	4.02	16.92	2.95	70.52	19.16	23.77	1.48	95.93	19.85	10.50	40.02	10.63	66.89	106.78	44.17	30.24	31.44	3.89	62.59	66.24	36.89	79.82
~
Vehicle capacity; 
806.68 806.68 806.68 806.68 ~

