Cost matrix;
0 45.8900 40.7500 45.5300 51.6000 24.7800 50.0900 46.9900 56.5500 22.0600 50.0100 27.8000 37.7100 35.6500 16.4000 13.5600 59.2100 60.4500 40.6400 45.2800 43.2500 48.5100 33.6500 20.0700 24.5600 33.5700 37.8700 9.8600 14.0200 33.9000 62.7200 53.9200 55.2300 28.2000 61.6700 25.5900 51.0000 62.9600 42.4300 42.1700 52.0600 28.1000 46.8000 41.4900 51.0700 39.9900 45.5800 46.3500 40.7200 21.2700 43.9400 
50.4790 0.0000 54.6200 51.8300 66.9687 73.7460 100.4860 31.4517 105.4360 43.6162 87.0700 53.1362 44.3000 85.6060 47.4662 54.5462 74.3600 14.7056 85.1162 90.4460 60.2600 90.9062 63.5600 37.7700 34.7362 56.3700 16.6600 55.0537 48.3997 63.5530 78.7740 103.8960 71.1740 46.6842 76.1340 75.7960 10.7017 88.3287 23.8941 23.1868 79.5611 73.0960 29.3551 53.5640 53.2715 88.4860 93.9029 51.7987 38.5215 29.1760 94.4190 
42.4740 54.6200 0.0000 83.6196 15.6058 59.0064 67.7464 36.4312 83.3124 22.5322 91.5760 18.8764 74.6996 61.9164 25.7460 32.7764 101.6840 65.3800 46.0564 82.6364 85.7240 49.3564 19.7264 58.3020 29.7220 12.5364 64.4620 34.3590 33.7420 19.4709 105.1940 77.0124 97.7040 18.1220 104.1440 47.7474 56.7012 36.8682 44.9112 69.6420 94.5340 69.8815 42.4012 83.9636 90.5824 74.7444 54.8431 13.3812 77.5380 52.1380 67.0324 
48.4952 51.7800 82.7200 0.0000 94.1168 55.9719 85.0419 73.3968 80.4219 63.3668 46.8169 72.1668 9.2768 68.5119 61.8512 61.2119 27.0324 64.0632 84.7619 58.2319 13.5269 93.0419 81.3519 30.9312 63.1319 80.4419 38.1732 57.3519 56.5719 81.5619 29.5992 84.1119 22.0224 72.0619 25.2992 68.4419 62.4817 110.4719 66.7932 36.1232 32.6445 46.7419 72.5832 6.3119 10.1439 65.6323 89.2379 89.8539 19.1632 42.7039 78.3885 
52.5426 62.8500 10.9900 93.6200 0.0000 66.7796 75.5196 38.3717 91.4496 33.5222 100.2096 26.6496 85.6896 69.6896 35.8146 40.5496 111.7526 72.5617 53.8296 90.4096 95.7926 57.1296 27.4996 69.0046 40.0117 20.3096 71.7517 44.4276 44.0046 27.4926 115.2626 88.0024 107.7726 29.1120 114.2126 55.5206 58.6417 29.3454 46.8517 76.6817 103.5400 77.4045 44.3417 94.0326 101.5317 82.0334 62.6163 15.3217 88.0648 63.1280 78.0224 
29.4882 70.2200 56.1000 54.5900 65.5400 0.0000 31.0640 72.5470 36.8840 46.5080 39.8430 49.4040 57.8130 14.5040 44.6731 37.5031 63.0930 84.9256 36.4795 33.3830 51.9130 44.7595 46.4013 46.0980 49.6670 52.1695 67.3582 39.3482 38.9970 47.3041 65.7195 34.3606 61.1030 48.1542 67.6030 20.1595 80.4882 79.9395 71.9182 69.9380 49.2430 15.8730 76.2882 59.9417 64.7339 20.0904 43.6882 66.6877 69.0554 50.7582 24.3806 
58.9182 95.5300 65.1100 83.6900 71.1900 29.4300 0.0000 93.6405 24.1780 63.7005 55.6345 59.0412 81.5945 19.6745 58.6305 51.5805 86.6245 110.2356 24.2112 38.5445 76.5545 33.3518 55.4040 71.6445 71.3505 61.1940 92.0645 53.0705 62.4905 54.6640 90.0845 12.7680 85.1945 66.9005 91.5045 30.4405 104.3867 67.6712 94.1935 95.7445 70.9645 40.5545 99.2145 80.8245 93.8339 23.9745 23.9418 78.4912 89.2145 76.0945 11.3045 
55.2776 27.7400 32.8100 72.7800 38.2200 70.6600 89.4300 0.0000 104.0052 32.3352 99.8010 45.6600 67.1710 82.5543 38.8943 48.7172 96.0110 35.7689 73.6848 97.7956 79.9210 76.9848 47.3548 49.2510 31.7789 40.1648 42.1710 47.5073 38.9180 47.2815 98.9510 100.1962 91.1910 38.8389 96.5310 67.3662 21.9689 59.5800 12.9710 46.2689 95.2210 82.0089 7.5089 73.9810 78.2810 90.7504 82.4715 23.0500 64.0325 39.0810 91.4076 
61.3382 102.0400 81.2600 78.9900 88.7000 31.8500 20.6600 101.1900 0.0000 75.0134 45.5559 71.9534 83.0733 31.1082 69.9434 62.8934 79.4959 116.7456 44.8712 28.0959 72.9312 50.5230 68.5234 75.8733 79.0224 73.7634 94.0081 64.3834 70.8470 69.2134 82.8532 14.8330 80.9632 78.2134 81.1636 41.7534 112.3382 88.3312 101.8654 97.2114 62.6832 41.1433 108.1382 81.4233 89.1339 22.6233 42.9654 94.6412 94.3157 82.5264 22.7920 
22.9424 41.5200 19.9400 62.8100 30.9000 42.2800 59.5100 29.9400 71.6700 0.0000 72.3891 13.3848 56.1332 50.2191 6.5591 16.3820 81.9777 56.2256 47.5080 66.4421 66.1924 52.5141 23.9888 36.2732 12.4320 17.3982 46.3558 15.1721 13.6300 24.5812 85.6624 67.8610 78.1724 8.9804 84.6124 35.0310 46.5756 51.8336 35.2750 50.9858 75.0024 50.6946 37.4489 64.4324 68.8058 61.5887 56.2947 27.2160 55.0058 29.6058 59.0724 
64.6182 85.4100 88.8300 45.6400 99.0300 35.1300 53.9600 95.6100 40.3800 71.8200 0.0000 76.8978 48.2761 43.6996 69.4567 63.7267 36.7868 100.1156 68.9500 22.1742 38.6268 75.5796 79.4000 57.8560 74.2800 82.6067 76.9000 61.6467 68.6067 80.0900 39.6868 52.1096 37.7968 80.8004 42.3668 52.6300 96.1117 107.6567 96.3667 75.9200 19.5168 26.6067 103.1189 41.5400 55.1144 33.0096 69.2652 99.0360 59.2765 69.8566 46.8199 
27.8000 51.1300 13.4400 71.4300 23.9500 42.9600 55.0600 35.7500 69.5900 10.1400 75.3900 0.0000 64.3789 50.8920 16.4820 15.9537 87.0100 65.5418 41.1310 67.9116 71.0500 44.3010 14.6610 44.5489 21.0518 9.3198 53.7557 20.1657 19.5489 15.5638 90.5200 66.3520 83.0300 9.4518 89.4700 33.5220 52.6555 41.0816 40.1255 60.2825 79.8600 55.9000 43.2589 69.2900 78.0459 61.1604 49.9177 26.8212 65.1458 39.7458 57.5634 
39.2184 44.2800 73.9600 8.9200 84.8400 49.6900 79.1000 64.1200 76.4900 54.0900 46.8700 62.8900 0.0000 64.1940 53.6360 52.7784 31.8640 56.1424 78.0708 61.1840 17.6580 87.5214 72.8684 26.0166 56.2271 71.4882 30.2524 49.0784 53.1871 73.1184 34.4740 80.7590 26.8740 63.0704 31.8340 64.8084 54.9817 102.1784 58.8724 28.2024 36.9591 49.6940 64.6624 9.2640 15.8828 61.6590 84.7984 80.5771 11.2424 33.4271 74.0706 
42.4382 81.5400 59.4600 67.1600 67.5700 12.9500 16.5600 78.9300 22.3800 49.3100 41.0700 47.4000 62.5500 0.0000 46.6008 39.4308 75.8080 96.2456 33.1110 27.8480 64.8630 41.8066 50.2195 59.0480 61.7420 54.3180 80.3082 43.6428 51.1110 50.9095 78.6695 19.8566 74.0530 56.8518 80.5530 23.4495 88.0056 76.5710 84.5850 82.8880 59.8980 28.8230 86.4389 71.6280 77.3039 12.8280 32.4366 72.8412 73.7924 63.7082 9.8766 
16.7280 43.6000 24.5200 59.1300 35.4600 36.2200 54.6300 35.2900 65.9700 6.1300 65.8300 12.3000 50.6000 43.6600 0.0000 9.8229 75.9380 58.3056 40.9489 59.8830 59.9780 50.3995 26.6885 33.1900 16.0398 19.4985 43.5000 8.6130 8.1900 26.6815 79.4480 61.3019 71.9580 12.3864 78.3980 28.4719 51.1576 53.3816 38.8828 48.9320 68.7880 44.1355 42.7989 58.2180 66.4828 55.0296 49.7356 30.9199 52.9520 27.5520 52.5133 
13.6956 49.4500 28.3000 58.7900 38.8500 29.5300 47.6100 42.4500 58.8400 12.9000 60.6300 14.9100 50.6800 36.5100 7.1700 0.0000 72.9056 63.9102 39.4120 55.4820 56.9456 46.6320 24.3576 32.1520 22.3502 20.6448 46.6720 4.2120 11.6802 23.6176 76.4156 56.3666 68.9256 19.5564 75.2300 25.7908 55.5282 55.9916 45.1932 53.1988 65.7556 41.7956 49.9589 55.1856 64.7656 45.2067 47.0704 38.0899 54.4156 31.9250 46.3866 
64.5389 74.3500 99.3400 22.7100 110.3200 58.9700 85.1200 93.8800 75.0000 79.5900 35.5100 86.8700 30.2600 69.6200 74.8900 72.7100 0.0000 86.1240 93.8382 51.9140 16.7382 102.8573 95.7240 49.5440 80.3740 93.3548 59.7040 72.0940 71.1368 96.0240 4.7450 82.6927 7.0140 87.2764 7.3190 78.2573 85.0517 127.4989 87.1120 58.4624 17.4427 52.6963 92.9620 25.3120 32.5185 68.5196 101.7860 105.8099 41.5024 61.5446 79.4966 
62.9147 14.5600 65.3800 61.3600 72.2900 84.7400 110.0100 34.4500 116.5500 54.7000 98.5100 63.8100 54.9500 96.1000 57.4000 63.5600 84.0400 0.0000 98.3489 102.0639 72.6080 104.7040 76.3940 50.9639 48.9540 69.9840 31.2200 66.0130 57.9540 75.9240 88.7850 115.5139 81.8240 57.7740 86.6592 85.8719 18.9856 94.0300 27.4040 37.7468 91.9091 84.7139 32.4990 64.2140 67.8315 100.1039 107.1339 57.5000 53.0815 40.7939 105.9766 
41.8592 81.7400 42.9600 83.1200 48.1500 31.9800 23.2800 70.5000 42.4900 41.6700 65.8100 34.8300 76.5400 25.4700 38.2700 32.3900 90.5700 95.6700 0.0000 53.3180 78.5356 9.4506 31.1928 61.9292 54.1020 36.9828 79.0620 36.6020 44.0702 30.4528 95.3150 35.3267 89.5056 43.0361 96.1756 17.6256 85.1394 43.4600 73.7098 84.0292 80.7704 47.4004 78.0089 82.3725 92.4228 38.2980 8.7867 56.3412 82.5792 63.1292 34.5462 
47.0912 87.2300 79.7500 56.6400 89.1300 23.6500 36.6900 92.2600 23.6100 65.2200 17.4600 66.5800 55.3400 25.3100 59.0900 52.7700 51.4000 101.2800 50.7500 0.0000 55.6206 59.9872 70.0513 57.7822 71.6512 72.9040 78.8622 56.4022 61.1112 70.9541 56.1450 35.7650 55.2568 71.4764 58.7190 43.8095 97.9317 94.2100 89.5212 81.5422 36.9768 21.3622 93.8912 59.0000 66.7839 18.1742 50.6172 88.6100 66.5824 65.7214 28.0572 
53.6300 60.1400 83.0400 12.4100 94.0300 46.6200 74.7900 77.9900 68.1600 63.2400 33.2900 70.7200 16.2000 58.5200 58.6400 56.8000 16.4100 71.1400 77.1000 45.2200 0.0000 86.1191 81.1576 37.7032 65.0686 77.4448 44.4720 61.0120 54.3986 80.4176 21.1550 75.0664 17.5638 71.0264 22.4846 61.5191 70.8417 111.8016 73.6932 44.4024 19.3011 50.8164 79.5432 11.8932 22.5539 63.3942 85.0478 89.5599 27.4424 49.6271 68.3966 
50.1492 88.2100 45.3600 91.3900 48.7800 39.9700 26.0900 75.0200 46.5300 47.3100 73.1500 39.3600 84.7500 32.2500 44.6100 39.3100 98.7400 101.8600 8.2900 57.5000 85.3700 0.0000 38.5320 70.2192 59.7420 45.2728 85.9820 43.5220 50.9902 38.7428 103.4850 38.8580 97.7956 48.8118 104.4656 25.9156 92.0155 46.4370 79.4855 92.3192 89.0604 55.6904 82.5289 90.6625 100.6328 45.0780 12.3271 58.7412 90.8692 71.2350 37.3945 
33.8356 61.9700 16.5700 78.9000 23.6100 42.5700 48.5700 45.6100 65.2500 20.6800 76.9700 10.8600 70.6900 43.9600 21.0100 20.1400 92.5100 74.6500 26.4700 65.9600 76.7900 29.6400 0.0000 52.2920 29.8028 7.4328 63.1528 24.3520 28.3428 0.9028 96.5556 61.3380 89.0656 20.3118 95.3700 36.6749 62.4998 38.5140 49.9698 69.6796 85.1802 58.4430 53.1189 75.3256 84.9056 56.5030 35.2567 29.9512 73.8613 48.5620 53.6060 
29.1015 34.3800 54.1000 28.6400 64.9900 39.4000 67.8300 47.3300 70.2300 34.2200 51.2000 43.1600 19.8600 52.0200 30.9200 31.7900 47.2600 48.0900 60.6500 53.2800 30.9900 68.5700 51.4200 0.0000 34.8006 50.4185 25.5431 33.8074 27.7500 52.3228 52.0050 71.8766 46.7340 43.2004 51.6940 45.1800 45.0817 84.2416 40.7006 32.0699 50.2911 52.8090 46.3306 29.1240 35.7428 59.4904 68.7087 59.1506 25.5102 12.0006 61.8966 
26.7704 32.7700 24.7500 59.4300 35.0700 47.6600 67.3600 23.0200 78.2400 8.8800 74.2800 18.4000 50.5300 56.0600 12.7300 19.8100 77.9600 45.8100 50.3800 69.6100 61.5600 56.1700 29.2200 31.0200 0.0000 24.5480 42.8163 20.3175 15.2581 30.1228 82.7050 74.0319 77.4040 11.9480 82.3640 41.2019 35.1178 59.4816 22.8430 49.3431 78.8304 54.8704 30.5065 59.7940 66.4128 65.0167 59.1667 29.3811 56.5302 31.6920 65.2433 
33.9356 56.3700 10.1100 77.6800 19.1600 46.4700 55.2100 38.6200 71.1400 16.2600 79.9000 6.3400 69.1700 49.3800 18.5700 20.2400 92.7700 68.5600 33.5200 70.1000 76.7100 36.8200 7.1900 49.4800 23.9600 0.0000 60.0957 24.4520 25.8889 7.1830 96.6556 67.9780 89.1656 14.4900 95.4700 35.2110 56.1510 42.1726 45.1637 66.0100 84.9900 62.0356 46.1289 75.4256 84.3859 62.2080 42.3067 23.4912 71.2658 45.8658 59.2524 
39.0061 16.6600 59.4000 35.1700 69.2100 60.0800 87.6900 39.9400 91.2700 42.0500 70.4100 52.1900 27.6400 72.3900 41.7400 45.7100 57.7000 28.1700 77.5200 74.1700 43.6000 84.8800 62.4100 21.1100 34.8100 58.2700 0.0000 45.8593 36.3693 63.3128 62.1140 92.2466 54.5140 46.7580 59.4740 64.5961 27.3617 93.2716 30.0760 6.5268 62.9011 64.0200 35.2086 36.9040 36.6115 78.9961 84.5861 62.9900 21.8615 20.1000 82.2666 
11.3390 47.1300 31.2400 54.9000 41.9700 28.5600 48.9500 42.3500 58.9000 13.9600 58.1800 18.0600 46.7800 36.7800 7.8300 3.9000 69.0700 61.4300 35.2000 51.2700 53.0800 42.4200 24.0100 27.9400 19.3500 23.7300 42.4600 0.0000 12.6217 24.2100 73.8150 56.6366 66.5690 20.2164 73.0090 29.6908 51.3162 59.1416 42.1930 48.9868 63.3990 39.4390 49.8565 52.8290 62.4090 48.6504 42.8584 38.7499 52.0020 27.7130 46.6566 
18.3662 38.1100 29.3300 53.5000 40.3000 37.1400 58.4200 33.5500 68.0900 9.4000 63.9800 18.2700 44.8300 46.1200 6.5000 11.3400 70.2300 52.2300 43.6800 58.9400 53.8600 50.4100 27.4900 25.0000 10.6700 24.6100 35.3100 9.4900 0.0000 28.3928 74.9750 65.1168 71.4238 17.4944 76.3446 34.9719 45.7878 59.3516 33.5130 41.8368 70.4262 46.4662 41.0589 54.0940 58.4970 56.5467 52.3484 36.0279 46.9384 21.5384 55.9966 
34.0556 61.6300 15.8300 79.0700 22.9100 43.1800 49.3100 45.0300 65.9800 20.4400 77.5100 10.5000 70.8300 44.6600 20.9800 20.3600 92.8300 74.2400 27.1900 66.6000 77.0700 30.3000 0.7400 51.5100 28.9000 6.5300 62.2500 24.2100 27.4400 0.0000 96.7756 62.0780 89.2856 19.9518 95.5900 37.4149 62.6810 39.2540 50.6255 68.7768 85.9202 58.3695 52.5389 75.5456 85.1256 55.6002 35.9767 29.2112 73.9320 48.5320 52.7032 
68.1889 76.5100 102.7400 24.7300 113.7200 62.5900 88.5900 96.6500 78.1400 82.9500 38.3400 90.3400 32.7300 73.1700 78.3100 76.2300 3.6500 85.7800 94.2100 54.5600 19.7100 102.3800 96.0700 50.3200 81.1400 96.2600 59.8900 72.5700 73.5700 96.3900 0.0000 86.3427 10.2828 90.6964 6.1920 79.9578 87.2117 131.1489 87.0000 58.9738 21.0927 54.8748 94.6635 28.9620 31.3915 71.3496 102.9967 109.2299 42.0138 62.3206 82.6172 
57.1552 99.8000 73.3700 82.7600 80.0000 30.6400 9.6000 95.9600 11.4100 66.0500 48.5400 62.6000 79.1000 18.3000 60.7600 53.6100 81.6400 114.3600 32.5300 31.1000 72.8800 35.6900 56.9700 70.0400 73.4000 63.3400 90.5900 54.3800 63.8400 57.7100 84.9700 0.0000 84.7100 72.0518 88.9590 38.2406 105.6962 75.9900 96.2430 97.1168 68.0568 41.4400 102.5806 79.3560 92.9039 22.9200 28.1324 86.7512 90.3424 78.4252 14.6706 
64.4684 69.3400 95.0700 17.7600 106.0500 56.6500 83.6300 88.9700 74.6500 75.2500 36.1500 82.7500 25.2500 67.8000 70.6700 68.7800 5.0100 79.1100 87.8900 51.0900 12.0300 96.1100 88.7100 42.5300 73.3600 88.7300 52.6900 65.0800 65.8600 89.0100 7.7900 80.6900 0.0000 83.0564 9.6860 73.5491 80.0417 123.0027 80.6427 53.2227 22.1188 45.6823 86.4927 18.8427 26.3742 64.5727 96.6767 101.5899 36.4924 54.5306 77.6766 
28.6380 43.7700 13.9400 68.8200 24.8100 47.2100 62.1000 27.8900 75.5600 6.2800 77.7100 8.0100 60.0400 53.1900 11.9100 17.7200 85.8500 56.0900 42.6100 70.4800 69.4800 47.3400 18.6300 40.1800 11.6000 12.6000 46.3400 19.5700 15.6200 18.1800 89.1900 69.2300 81.4800 0.0000 90.3080 40.3819 43.2037 49.0916 30.6737 51.5200 80.6980 56.0455 35.3989 69.3040 74.1170 62.9267 51.3967 18.5335 61.2858 35.8858 63.0666 
69.0484 73.1300 101.2400 21.4400 112.2200 63.2500 89.9700 93.9400 80.3600 81.3600 41.0700 89.0700 29.8300 74.2600 76.9300 75.2300 5.6300 82.0500 94.5500 56.7500 18.4300 102.7700 95.2100 48.1600 79.1400 95.0900 56.5700 71.5000 71.9600 95.5000 4.3000 86.7700 6.6800 87.5700 0.0000 79.9491 83.8317 129.6827 86.6460 55.7995 23.0727 52.3623 91.7786 25.5227 25.1995 71.2527 103.3367 105.1745 40.3920 58.0245 84.1366 
30.4521 69.6400 42.0900 66.8100 50.3500 17.5300 26.4700 63.2000 39.3900 33.2600 52.6300 30.2000 60.3300 17.3700 28.1900 21.1400 74.7400 84.0100 16.3200 39.7600 60.9100 24.6000 26.7700 45.1800 40.9100 32.0100 63.3400 22.6300 32.0500 27.4600 78.3900 32.8300 71.8800 36.4600 78.5500 0.0000 73.9462 59.7800 63.7530 69.8668 63.1448 29.7748 70.7089 69.5940 76.2128 30.1980 23.5287 54.9935 70.6902 50.3430 24.0414 
59.2262 10.3900 51.4800 62.0200 58.3500 75.7600 99.2600 20.7500 107.5500 41.9600 93.8400 50.6000 54.3200 86.2800 45.3600 51.9500 84.5000 13.9600 83.4700 94.3400 69.9800 89.2700 61.3600 42.6600 33.1300 55.0500 26.8500 50.3100 40.8600 60.9100 86.7400 104.3400 79.4900 42.7300 83.4100 72.9000 0.0000 80.3300 18.4191 33.3768 89.2811 82.2380 18.6534 63.5840 63.4615 95.8504 92.2567 43.8000 48.7115 38.3180 96.1566 
63.0956 83.1300 28.5800 107.8500 21.4200 69.7000 66.1100 59.5400 85.9300 46.2800 104.7700 36.6800 99.4400 67.6400 48.8700 49.4000 121.9100 93.3400 43.4600 91.9900 106.1700 40.3800 29.4000 79.8000 52.8000 30.3400 87.6200 53.2000 54.9500 29.1000 125.4700 75.6400 118.1100 41.3200 124.5900 52.4000 79.3800 0.0000 68.2717 92.8400 114.5802 82.1748 65.7617 104.5856 113.4470 80.4680 52.2467 36.7417 101.2858 75.8858 76.4414 
48.3204 17.1900 39.0300 62.7800 46.3200 67.0400 88.7100 10.9000 98.4700 30.1500 88.8500 38.3100 54.2900 76.6500 34.1800 41.1100 84.3600 26.3500 71.8200 87.2400 68.7900 77.3000 48.9900 38.8400 21.5500 42.5800 29.2000 40.0000 30.5500 48.5200 87.0000 94.3800 79.4000 30.3700 84.1000 62.2400 12.5300 67.1200 0.0000 33.6027 85.4140 71.8528 7.6635 63.5540 65.8115 86.3167 80.6067 33.9500 51.0615 29.2740 86.2814 
44.1861 18.9000 64.5500 33.4800 74.3000 63.5800 91.6500 44.1300 94.3800 47.2200 71.5700 57.3500 26.8400 76.1000 46.8100 50.5900 56.1900 28.1200 82.1900 76.4500 43.0300 89.6400 67.5300 24.2100 39.9900 63.4400 5.1800 47.2500 40.3500 67.3900 58.1400 94.2000 51.2200 51.5200 54.5900 67.7300 29.2900 92.7900 33.2700 0.0000 62.3311 69.2000 40.3886 36.1040 35.1020 83.6704 89.7661 67.1800 20.3520 25.2800 85.9766 
72.3634 78.0000 92.7700 31.0900 103.5400 45.5700 69.4800 93.1200 58.0400 73.8800 18.2400 79.6100 35.0500 54.7700 68.4400 64.7900 17.2700 89.7000 77.5500 34.5200 19.1100 85.4700 83.5100 45.9800 74.1800 84.9900 61.7700 61.5700 64.9600 83.9400 20.1700 65.2500 18.2800 80.1300 22.8500 62.5200 87.4600 112.5800 84.8100 61.7000 0.0000 44.8467 92.3106 31.0032 41.2339 51.2496 85.1372 98.6635 46.2924 57.9806 62.5772 
39.6210 69.9400 65.1000 45.4000 75.1500 12.2100 38.7600 75.0300 34.8000 48.9600 23.9700 51.6800 41.9400 22.6000 42.8500 37.1200 47.2200 84.1300 44.1800 17.5100 36.0400 52.1100 53.0000 36.4200 52.6200 56.0000 57.5000 35.0400 42.0000 53.5500 50.8100 37.3800 45.2300 54.5800 51.7300 29.4800 76.8700 81.0500 69.7600 60.1800 33.3700 0.0000 77.4235 44.0687 54.2269 18.8904 52.9667 73.1135 53.1824 44.3592 32.4675 
51.0404 21.6600 38.0200 68.6300 44.1400 71.1300 91.5800 6.3100 102.2500 32.2600 94.1100 39.3300 60.1400 80.2000 36.9700 44.0800 90.2000 28.2600 73.6700 91.9100 74.6000 78.6700 49.6700 44.5000 24.2700 42.9000 34.8600 43.4200 34.1600 49.1400 92.8500 97.6600 85.2500 31.3300 89.9500 65.1600 14.4600 65.3500 5.8500 38.7600 90.4700 74.5000 0.0000 69.4040 71.4715 89.2867 82.4567 29.3600 56.7215 35.1240 89.2014 
46.9384 52.0000 79.5800 4.9700 90.5300 49.6600 78.7300 71.4600 74.1100 59.6400 41.5400 67.9400 7.7200 62.2000 55.6600 54.9000 22.6000 62.4900 78.4500 51.9200 9.0100 86.7300 75.0400 25.8100 56.8200 74.1300 35.3600 51.0400 50.2600 75.2500 25.2100 77.8000 17.6100 65.7500 22.5700 62.1300 62.0400 104.1600 61.8000 34.3800 28.1100 40.4300 67.6500 0.0000 13.5744 59.3204 82.9260 84.2835 18.9624 37.8106 72.0766 
52.6784 49.4800 86.0900 8.6700 96.8300 62.4000 91.6900 72.8200 87.5500 66.4100 54.1400 75.5700 13.4600 75.1300 63.3600 63.8700 27.8500 57.3400 89.9400 65.3000 20.8500 98.1700 83.7600 32.4400 61.9900 81.9000 33.4600 59.9700 57.3500 83.8700 28.9400 91.0700 23.3400 72.1600 24.9500 73.7000 59.8700 112.2300 62.3500 30.6000 38.9000 53.6900 68.1200 13.4400 0.0000 72.5804 96.3660 87.0925 15.1925 42.6245 85.0066 
44.7082 85.1600 68.7900 63.7600 77.3900 15.2200 22.4500 85.6700 17.0100 56.7800 31.7400 56.2000 60.4500 10.6900 50.8400 43.8900 62.9800 99.6400 36.0800 15.0200 53.7800 42.5700 53.8300 53.2500 62.6500 58.8000 74.2600 43.3800 52.2200 54.5100 66.3900 19.1000 61.7900 61.2900 67.9800 27.0600 90.9300 78.2700 82.2500 77.4200 47.0700 18.5200 86.3000 58.8000 72.1400 0.0000 36.2556 79.8235 71.6924 59.9031 13.8103 
49.3692 88.1800 50.4400 86.1000 55.3600 32.8100 16.9800 77.8300 37.2000 48.7300 64.6400 42.2400 80.0400 23.5700 44.9800 38.7300 91.7600 102.2600 7.5100 48.5700 79.1600 9.4100 33.9700 65.2900 57.3200 41.0300 83.0900 41.2100 50.0800 34.7000 95.3800 26.5400 89.4400 49.9500 96.0500 20.1100 90.3200 49.1300 78.8400 87.6100 77.7800 44.6600 80.8600 81.3000 93.3200 33.5700 0.0000 63.8212 90.0892 68.9230 28.2845 
46.9480 48.4100 12.3900 84.0400 15.1700 65.1600 76.8400 23.0500 92.1400 24.3000 96.0500 22.6100 75.1300 70.0000 30.2200 35.8900 102.5700 57.2400 55.1100 88.6100 86.1600 57.7400 28.6400 55.7100 24.6900 21.6800 56.4300 37.9200 32.9800 27.9200 105.7800 84.8100 98.0100 18.3500 103.8300 52.7500 43.3200 36.5300 31.5300 61.3600 97.9300 72.9100 29.0200 81.5100 86.2100 78.7500 62.6200 0.0000 78.2915 53.9058 76.7914 
49.5528 35.4400 72.5200 16.5200 83.0800 56.9200 86.2300 58.0700 85.4200 53.2100 57.5500 62.8000 10.8100 69.8600 50.8400 52.4200 39.2300 44.9000 81.0900 65.1400 26.7200 89.1100 71.7100 20.7400 48.0500 69.1400 19.0100 48.6000 44.5500 71.7400 41.1900 87.1200 34.2700 58.6700 37.7100 65.2900 45.7600 99.4300 47.6300 16.9600 45.7500 50.6300 53.4200 17.8000 14.7500 68.9500 85.3600 71.9000 0.0000 27.4320 79.7366 
22.1208 26.0500 47.1200 37.0100 57.7300 44.5700 71.3100 37.2200 76.2600 27.9300 60.7200 37.7400 28.0900 56.4300 26.2400 29.3300 56.9300 40.3900 60.8200 61.2700 40.8400 68.2600 47.2500 10.1700 22.8000 44.0400 16.7500 25.9000 19.7600 47.1900 59.8700 74.7200 52.1100 33.2800 57.4500 46.6200 33.3200 74.2100 28.7000 21.3800 56.1400 43.9200 34.3300 34.9000 39.2000 59.3100 66.3400 47.1500 25.4000 0.0000 66.0608 
50.5582 89.8200 65.0800 74.4900 72.4200 21.0700 9.8300 86.3800 16.2800 56.5400 44.3300 53.7000 70.2900 8.3700 51.1100 43.9400 75.3200 104.3800 26.7800 27.2400 65.2500 31.9300 48.9900 60.3400 63.6800 54.9800 80.7600 44.5500 53.9800 49.7200 78.7800 9.9800 73.8900 60.0100 80.2000 23.5700 94.3900 70.1900 84.5300 84.4400 59.6600 29.2500 87.9100 69.5200 82.6200 12.6700 22.5600 76.1500 77.9100 64.7900 0.0000 
~
Delivery quantities;
40.83	37.36	81.79	5.98	98.39	95.95	40.96	17.19	67.09	33.40	86.69	99.17	17.52	59.11	60.39	46.81	62.98	68.02	10.37	74.78	88.05	72.57	39.45	8.59	87.99	75.15	29.41	29.04	17.27	34.52	22.97	62.92	87.47	44.25	19.08	0.97	72.82	9.61	67.17	37.74	82.89	8.03	40.01	75.55	0.90	92.32	92.17	53.40	23.79	0.13
~
Pick-up quantities;
24.20	44.13	97.93	3.11	71.08	55.32	20.87	24.52	93.34	35.89	98.69	86.15	10.78	42.77	52.10	38.62	72.73	50.76	15.03	94.53	59.61	94.00	42.37	6.69	53.87	45.87	40.11	32.27	11.23	26.53	31.31	52.20	45.35	57.49	23.76	1.04	70.15	9.57	57.27	39.68	87.39	10.61	39.73	85.12	0.64	63.54	131.18	41.40	33.68	0.17
~
Vehicle capacity; 
827.01 827.01 827.01 827.01 ~

