Cost matrix;
0 33.9000 58.5500 16.0300 19.9100 41.5500 20.3500 35.5200 24.9900 40.0400 62.7100 47.8700 38.8500 60.0400 47.5400 30.9300 23.7200 33.7600 45.1400 23.8600 15.7300 41.2200 18.3300 57.4300 21.1400 53.4800 49.7800 61.9400 40.8700 57.5700 25.0400 47.0300 26.2600 8.7600 53.2000 61.2700 28.5700 64.5900 29.0500 27.8900 23.7100 33.0900 33.2900 19.9700 59.5600 20.5600 15.0000 17.1900 25.8500 46.8200 57.6700 
37.2900 0.0000 61.9200 43.5459 57.2000 33.3480 20.9496 66.0830 39.0218 42.8661 30.0500 48.3336 50.5518 97.3300 25.7720 59.7159 49.9330 34.9561 11.8125 35.5180 46.0559 55.4541 24.3659 28.7310 28.1218 20.7600 57.5100 30.1994 71.8059 94.8600 29.8480 65.6941 54.7459 43.8759 63.6159 70.6100 59.2559 72.8076 64.6759 53.0959 60.2459 45.6895 44.0641 21.2296 96.8500 25.1816 52.2900 22.8659 63.1400 79.1743 28.4535 
60.3010 61.9200 0.0000 46.0470 74.0170 43.3417 66.4670 93.4170 33.8070 95.2500 86.1917 97.5070 19.8970 97.5120 56.4417 45.6120 84.0210 87.3400 70.0417 81.1432 49.5220 101.5210 52.4532 76.9117 44.2832 80.8117 11.1320 85.0417 96.3557 93.4205 45.8432 107.3310 46.2105 55.6506 13.6017 121.4632 85.4292 10.8876 63.3736 41.4720 65.6517 28.8632 93.5910 55.5108 99.6360 51.7108 74.8212 52.4124 70.4722 103.7241 79.5675 
21.4296 41.9400 45.3300 0.0000 29.0041 42.9926 37.8641 48.5336 20.5175 57.7636 71.9900 66.2336 27.1960 59.4541 54.8525 17.9064 39.5736 51.8236 53.7525 42.0036 3.8041 57.5936 27.4908 69.8220 23.0125 62.7000 40.0220 72.1394 50.6378 55.0738 28.3981 62.1836 14.3344 9.6036 45.0808 80.3419 39.3822 56.2176 25.5638 14.4353 19.9338 31.5215 54.6351 33.2614 61.5781 30.2808 28.7742 29.3656 27.5861 58.0062 70.3935 
26.2348 52.0300 73.2700 27.9900 0.0000 61.8610 38.3048 25.1880 43.3148 46.4748 81.1948 56.9159 55.1860 47.9571 67.8215 35.9100 25.1448 39.6859 63.8425 34.0450 27.9648 42.6948 38.9710 76.8848 41.8748 71.9048 66.2348 80.5448 25.1604 47.9644 46.1348 42.5080 34.2507 21.7048 71.5010 62.1480 13.9880 80.7748 23.4300 39.0657 17.8000 51.1910 38.7448 40.9348 46.1871 41.3510 6.2848 37.4710 16.1544 32.5288 80.3404 
45.5164 23.8200 40.8400 40.1800 61.4200 0.0000 41.3141 77.3669 32.7530 66.6861 47.5878 67.9535 37.0880 99.6341 17.8278 56.0030 62.9069 58.7761 33.4500 55.2769 43.9841 77.5869 25.5169 39.7917 23.1930 44.3298 47.9823 48.7673 83.8230 95.2538 17.9130 87.2325 54.5144 44.8494 43.1230 94.4300 72.9069 51.7276 64.0530 49.2030 60.1138 33.0720 67.8841 29.1141 100.5326 28.3272 59.6669 27.4669 65.3226 91.1914 43.2473 
25.0305 16.2400 64.8800 32.8400 36.4500 34.0800 0.0000 47.3605 36.1080 36.7100 46.2900 35.0896 47.6280 82.8484 40.3180 50.7464 32.3674 28.8000 27.7888 21.3035 36.6441 43.2320 17.4180 44.9710 25.4180 37.0000 59.2080 46.4394 57.6106 82.6005 24.2862 53.4720 47.1744 33.0948 56.9380 60.6920 45.0606 73.1180 54.0805 47.2753 48.7405 40.5680 31.8420 12.6880 81.0784 16.6400 40.0305 19.3680 50.8805 64.9790 44.2175 
47.4148 59.5400 93.0600 47.9100 21.1800 74.9600 43.4500 0.0000 63.4820 34.1712 83.8884 54.1389 75.1060 51.3048 81.3184 56.9120 21.9640 37.7890 71.2384 32.4784 46.9165 28.9398 52.6500 85.0848 58.7100 76.0448 86.0743 85.2804 16.5648 55.2825 59.8800 19.4805 54.5120 41.8620 91.9000 45.2488 11.8720 101.9548 44.6100 60.2457 38.9800 72.3710 30.1189 56.1380 50.2250 55.0300 27.4648 51.1500 37.3344 21.5250 82.3613 
34.0516 37.3700 33.5900 14.1500 41.3100 28.4800 34.0400 59.9900 0.0000 64.9590 66.1790 66.2590 16.5529 73.6041 42.8490 25.1381 53.7236 57.3190 47.2590 48.1990 17.9541 69.8790 19.2290 58.5790 11.0090 58.1300 25.9663 66.1246 64.7878 69.2238 16.3946 76.3336 22.4581 23.7536 28.9870 89.6805 53.5322 43.9440 39.5381 16.7581 34.0838 11.0040 60.8305 24.9996 75.7281 21.5315 42.9242 20.0054 41.7361 72.1562 62.0346 
41.6416 42.2000 94.9700 56.0700 41.6100 64.3100 30.9300 31.6400 62.3700 0.0000 59.4278 24.0240 78.0011 81.4143 63.0911 72.5716 22.4643 9.5711 54.0125 19.4580 57.3716 14.7186 48.3480 59.8900 56.3480 51.3814 88.3363 60.8198 48.2048 84.1802 55.2162 28.8294 67.9016 50.4016 87.8680 35.5069 40.4702 104.0480 64.8785 69.5316 59.2485 71.4980 9.7902 43.6180 81.8650 47.5700 47.1192 49.3180 57.7644 53.1650 60.9152 
65.8162 29.5700 83.8800 71.4700 79.2000 43.1600 42.9500 81.8900 65.6200 55.5400 0.0000 40.4022 72.6020 122.2920 30.0020 87.8500 67.2320 51.6220 19.3220 52.4020 73.7800 69.7720 49.8020 9.5920 55.1700 10.0520 82.2120 1.3920 97.6536 120.7720 53.2778 82.3600 82.8600 70.6500 74.5556 76.1000 85.1036 94.5478 91.8700 81.3700 87.1020 68.4578 60.7300 45.1700 124.0284 49.0984 78.6224 51.7520 91.1962 103.4150 8.8578 
47.8700 35.2800 95.2100 62.8900 55.5200 59.0900 31.3300 49.2800 65.3700 18.2000 39.6100 0.0000 78.9580 98.1320 61.0520 78.8000 40.4420 23.4328 47.0925 25.6020 63.6000 32.9186 48.7480 44.2208 56.7480 49.2891 90.5380 41.0020 65.8448 101.5388 55.6162 47.0294 74.1300 56.6300 88.2680 40.5372 58.5900 104.4480 76.9200 75.7600 71.5800 71.8980 27.9902 44.0180 99.5050 47.9700 55.7988 50.6980 71.6744 70.8050 47.6764 
40.4040 46.5600 19.7000 26.1500 54.1200 30.4000 46.5700 73.5200 13.9100 75.9000 72.3200 77.6100 0.0000 85.6041 46.7354 35.4480 64.1240 70.5662 55.2534 61.2462 29.9541 81.6240 32.5562 66.5962 24.3862 67.3200 12.8260 73.7120 76.7878 80.2352 25.9462 87.4340 33.3352 35.7536 17.8848 101.5662 65.5322 30.5876 50.4152 27.6352 46.0838 8.9662 73.6940 35.6138 85.7852 31.8138 54.9242 32.9670 50.5752 84.1562 70.0518 
68.6248 93.7400 96.3600 59.1100 42.3900 98.8600 78.6500 48.5900 72.7500 79.3500 121.5400 95.7600 81.2700 0.0000 108.8640 54.6740 59.8804 79.4104 105.5525 73.6640 57.7440 70.1340 79.2140 118.6340 78.7140 113.6440 89.0440 122.2940 35.3740 13.9740 83.8040 64.8840 56.3340 57.0240 99.1548 84.9340 42.3504 100.5340 39.4540 61.9740 41.7740 82.2340 73.0440 81.5640 2.1240 82.1241 48.6748 78.2441 38.3903 38.2860 122.0896 
48.4908 18.9500 54.1600 50.1800 67.1500 13.8200 34.0600 77.3900 40.4300 61.0200 29.7600 52.1600 44.0900 107.0900 0.0000 65.5681 66.4274 53.9061 17.0237 53.7240 53.9841 74.4041 39.2245 24.1428 37.0130 26.5020 56.9160 31.1520 89.3608 105.2538 31.7330 84.6441 62.8881 54.1112 44.5536 86.3449 77.0608 65.0476 75.6949 57.1881 70.1138 39.8816 63.0141 37.5768 108.0508 36.8145 63.4908 41.1745 74.3408 95.3108 27.5984 
31.2393 58.2100 44.5700 16.5800 34.6600 52.9700 49.3000 55.8300 24.4900 70.2200 87.6300 78.7300 29.5400 52.0900 64.5500 0.0000 52.7632 64.9993 69.6732 55.0993 16.3932 70.8532 39.1632 81.4132 34.1632 78.9700 38.3660 87.5632 54.6003 51.8520 39.2832 74.3332 5.8232 26.1836 45.6900 92.5093 48.6480 52.0160 22.8252 10.0560 21.1887 32.4973 64.5293 44.9338 54.2140 41.6326 40.9448 41.1132 27.4414 61.9687 84.8688 
25.8548 43.4200 82.2200 38.8400 19.8200 59.8900 27.4300 16.1500 48.6300 21.8100 66.2500 36.8500 62.5300 58.9500 61.4600 50.7500 0.0000 24.3702 53.7484 14.9884 38.1786 22.2507 40.6352 68.1313 46.6952 59.2092 74.5963 67.6420 32.7148 66.3584 47.8652 24.3256 52.1148 34.6148 77.6170 45.3002 22.4384 90.4448 42.4142 53.2753 36.7842 58.9448 16.4502 40.1180 61.0740 43.0152 26.1048 39.1352 35.9744 37.6750 64.8713 
39.2129 34.6100 87.3400 49.6400 38.5300 56.4300 23.0400 32.8600 55.0600 7.9100 50.4100 17.2300 68.4300 78.5500 53.5200 64.4700 19.6200 0.0000 46.4225 14.3985 53.4441 20.4980 40.4580 60.0020 48.4580 55.3700 81.0263 51.8020 48.4080 83.4980 47.3262 30.7380 63.9744 47.9729 79.9780 35.6539 39.7880 96.1580 61.1936 64.0753 56.3300 63.6080 9.1080 35.7280 80.6740 39.6800 39.9190 42.4080 54.6844 53.6815 59.2678 
46.4942 11.2500 67.3600 52.7300 63.0000 26.7600 26.7200 69.1000 46.7500 48.0400 18.9300 36.9800 54.1700 104.8900 15.9100 68.7600 52.9700 41.1500 0.0000 42.2484 56.4980 61.6480 32.6180 17.4660 39.3718 13.2447 66.9960 20.0816 81.8896 103.7980 35.1230 71.8880 65.5780 52.3180 60.4636 76.8039 69.3396 75.7600 73.9017 63.5081 69.8780 53.4614 50.2580 27.8880 106.0542 31.8400 61.4942 34.1159 72.3442 89.2580 16.6410 
24.8144 30.1000 78.1500 39.7100 30.9500 49.6200 15.5500 30.6400 45.4500 16.9200 51.4100 25.1000 59.0000 72.5300 48.8400 54.6700 14.8400 9.9300 38.7600 0.0000 40.5444 24.0215 31.3600 53.1429 37.4200 44.2208 71.4163 52.8020 47.2048 75.9368 38.5900 34.2615 51.0744 33.5744 70.6100 41.4815 37.2784 85.7200 53.1768 52.7044 47.7668 52.8400 12.6315 28.2380 74.6540 32.1900 30.1968 29.8600 47.1044 52.1650 49.8829 
19.5052 44.2000 48.0900 3.4900 25.2000 43.5200 34.0600 45.5500 17.6000 55.5800 73.7600 63.3800 29.1900 55.6500 53.2300 15.3900 37.4300 49.4700 55.1400 39.5900 0.0000 57.9164 27.2409 69.7409 23.3280 64.9600 39.1578 74.3994 46.8337 51.2697 28.7136 61.6043 15.4322 9.9264 46.5870 76.5378 39.1880 58.1146 21.7597 17.5140 16.1297 28.6040 51.9699 31.7309 57.7740 29.6209 26.6664 25.7409 23.7820 54.2021 71.7810 
43.9448 52.3300 99.1400 56.7700 36.2600 72.6400 38.5700 20.8200 65.6700 13.2600 68.4800 31.3500 79.5600 69.4100 71.2700 68.7800 18.0900 18.4900 59.5500 23.0200 55.4800 0.0000 54.3800 72.2575 60.4400 64.3175 91.6363 69.8720 37.3848 76.1025 61.6100 14.1108 70.2048 52.7048 93.6300 23.1762 32.6920 108.5348 59.6900 71.2053 54.0600 75.8600 14.2375 51.2580 71.0450 55.2100 42.5448 52.8800 52.4144 42.3450 72.9029 
19.9995 19.9200 48.9300 22.1700 38.2300 23.4100 16.0000 51.8500 18.7300 46.2700 49.3500 47.0300 30.6200 77.4300 29.6600 38.3000 37.3900 38.5300 30.5600 29.7600 24.6900 52.0700 0.0000 43.8450 9.5100 40.6800 43.4460 49.8650 59.8400 74.4200 10.6800 61.7156 33.8300 22.9600 42.7000 71.2415 47.3900 57.8100 43.7600 32.1800 39.3300 24.9300 42.3915 5.7706 77.6800 3.6150 34.1500 1.9500 43.5381 66.8195 47.2010 
58.7942 23.5500 74.6200 64.6500 75.1300 34.0100 38.7200 80.1700 57.6800 56.5000 9.3600 42.5200 63.5900 117.1400 20.4600 80.4500 64.1400 50.3900 12.3000 49.5500 67.1800 68.8500 42.5100 0.0000 51.6012 9.9856 76.4160 8.9756 94.1896 116.0980 46.3212 81.1280 76.3400 64.6180 65.0136 78.7900 81.6396 85.5076 86.2017 74.4381 81.8400 60.3416 59.4980 40.1880 118.3542 44.1400 73.7942 44.4600 84.6442 101.1456 3.4556 
23.0426 26.5300 41.0300 18.4100 40.3800 22.1100 24.1500 56.4400 10.9000 53.9500 55.1700 55.2500 22.4300 76.7500 31.8400 33.0500 43.1000 46.3100 36.2500 37.1900 21.6000 58.8700 8.2200 47.5700 0.0000 47.2900 35.2560 55.1156 63.9126 72.8697 5.3856 67.4256 32.7444 22.6497 36.2988 78.6715 51.6126 51.9176 43.3328 27.6581 37.7297 20.8170 49.8215 13.9906 78.8740 10.5225 38.0426 8.9964 45.3820 69.8626 51.0256 
57.6242 20.7600 78.2500 62.6700 69.9300 37.4700 33.6600 73.1200 57.6000 48.0200 9.2900 33.5300 65.3000 112.2500 25.2400 78.9700 57.3200 42.3000 11.1300 42.5200 64.8500 60.6400 40.6800 9.0400 46.9400 0.0000 78.1260 9.4394 87.6016 112.1900 46.2530 73.0380 74.5100 63.4480 69.7936 74.0672 75.0516 86.8900 82.6800 72.8600 77.0500 64.5914 51.4080 39.0180 114.3740 42.9700 72.6242 42.6300 83.4742 94.6450 9.5338 
51.2734 57.5100 10.1200 35.7900 63.5800 39.0100 58.2200 83.6800 25.2100 87.4700 81.9600 89.2000 11.6600 86.3800 52.8100 34.4800 73.5000 80.0400 64.3600 70.5600 38.3900 90.7900 42.2500 72.9400 34.0700 75.4600 0.0000 81.9156 85.2237 83.6516 37.6062 97.8256 40.3032 45.3936 21.0250 111.4781 75.1722 18.9568 52.2416 35.6706 54.5197 20.6262 82.6281 47.2738 88.5040 43.4738 64.5642 43.0664 61.9214 92.5921 76.3956 
64.4242 28.6700 82.7200 70.5500 78.5800 42.0100 42.2700 81.5500 64.5800 55.5000 1.1600 39.7800 71.2100 120.9000 28.6100 86.6700 65.8400 50.2300 17.9300 51.0100 72.8600 68.3800 48.4100 8.2000 54.1600 8.6600 80.8200 0.0000 96.2616 119.3800 52.4792 80.9680 82.2400 70.2480 73.1636 77.2600 83.7116 93.6076 91.3400 80.5900 85.7100 67.6592 59.3380 45.8180 123.0240 49.2992 77.2304 50.3600 90.2742 103.0750 8.0592 
47.9248 69.8700 94.3700 49.3900 21.6900 82.2700 53.6400 14.2800 62.9500 45.8800 94.2800 63.3300 75.5300 34.7400 86.6400 53.0100 28.1100 46.5800 80.1600 42.9300 46.3700 34.9300 58.8700 91.7400 61.8200 85.2700 84.5000 93.8400 0.0000 44.1684 67.2056 30.2736 55.9407 43.3948 91.9370 56.0419 14.1815 102.4648 41.7138 60.7557 39.4900 72.8810 44.3989 62.6248 33.9150 62.4850 27.9748 59.1610 36.7098 7.3684 92.8129 
66.8047 91.4600 88.2100 53.9800 42.1800 94.1500 77.2100 52.6500 66.9600 81.9200 120.1000 97.3200 74.2200 10.3600 103.4000 44.7000 60.6100 80.1300 102.7000 73.1000 50.6400 73.2000 73.9100 115.0000 72.1900 110.8200 78.3800 119.3800 39.8700 0.0000 77.5756 70.1436 50.5232 54.9787 90.3900 95.2940 52.7104 96.7160 33.6087 54.7560 40.0596 77.1973 77.0602 79.6806 12.4840 77.5250 48.4648 75.8600 43.5797 47.2384 118.4556 
27.7398 22.9600 41.2400 23.6900 44.7100 17.0600 23.8100 59.7200 14.8400 54.5000 50.7800 54.0400 23.9900 81.8700 26.6100 38.0900 45.6400 46.6900 31.9300 38.1300 26.8700 60.5200 8.4500 42.8900 5.2800 42.8300 35.3600 49.7300 65.9100 77.4300 0.0000 69.5103 37.2981 27.9297 38.6484 79.6115 55.1303 51.2784 46.1400 31.5981 42.9997 18.3384 50.7615 14.2206 82.6196 10.8744 41.8903 9.6903 47.4096 73.2784 46.3456 
49.2448 62.3200 105.5700 61.6100 37.4400 81.6900 47.8200 17.5500 71.9900 23.8100 79.1700 41.6300 85.8800 64.3000 81.1900 71.7300 23.3900 29.0900 69.9700 32.4300 59.8100 10.6900 60.1400 79.4700 66.3100 71.3200 96.7500 79.0700 29.6800 69.4100 68.5300 0.0000 70.8876 56.7176 100.9770 25.7683 29.4220 113.8348 60.8700 74.9176 55.2400 82.3348 24.9275 59.5170 63.5950 63.4690 41.2976 62.0900 53.5944 37.0484 80.8538 
30.0752 53.2400 44.0100 11.5600 32.0100 48.7700 44.3200 53.1300 20.4200 65.8800 82.6900 73.9400 27.3900 53.9000 60.0100 5.0200 46.9400 59.9500 63.8500 50.0900 10.5700 65.0300 33.3400 75.5900 28.3400 74.0000 33.9000 81.7400 51.5100 47.2100 33.4600 68.5100 0.0000 20.4964 45.2748 87.1078 45.9980 49.4270 21.8624 7.4670 20.6063 26.6741 62.5399 39.1106 56.0240 36.9550 37.2364 35.2900 28.3385 58.8784 79.0456 
11.8260 40.5900 54.1500 9.0600 19.6200 43.9700 28.5300 38.9300 21.6800 48.1600 69.9500 56.6300 34.7300 55.1600 52.0300 22.2700 29.9700 42.2200 51.8000 32.4000 7.5200 47.9900 22.4400 64.0400 21.9900 60.8300 44.7500 69.1200 41.2900 51.4800 26.9100 52.5800 17.7500 0.0000 50.6670 71.1662 32.0893 62.0700 21.5837 20.1100 22.6187 32.6840 45.0315 27.2101 57.2840 25.1001 20.3544 21.2201 26.6124 48.6584 67.4956 
56.6526 51.7300 11.4300 42.2100 69.9400 29.7400 56.4500 88.5600 28.7000 87.1300 72.5900 85.8700 16.5600 97.6600 42.8400 45.6900 76.3600 79.3400 56.4400 70.6100 45.4100 92.4800 40.8800 63.3100 33.6100 67.2100 14.5000 71.4400 91.5300 90.3500 32.6600 99.7000 43.8800 50.3400 0.0000 112.0915 81.5922 22.3176 65.7424 43.1773 61.5397 24.9813 83.2415 46.6506 99.0204 43.5344 70.6944 42.3503 67.1352 97.3337 66.7656 
64.2748 66.8400 118.5400 76.9900 55.9800 89.1400 55.5700 37.5900 85.3000 24.8300 76.1000 36.5200 99.1100 84.3900 85.4900 89.0800 38.4200 32.7100 71.7400 40.6800 75.7800 20.3300 70.4400 78.7900 77.7700 69.8800 110.5000 76.3000 49.9100 89.7000 78.8000 20.2900 85.3500 68.2800 111.2700 0.0000 49.4620 126.4000 79.4100 88.3900 73.7800 93.5200 34.5675 68.2580 83.8250 72.2100 61.5876 70.5400 72.1344 57.2784 77.9178 
36.9948 57.5300 83.9400 38.6100 10.7600 69.8000 41.3400 11.2000 51.6100 38.0700 82.7000 54.2500 64.6800 41.5200 74.1100 45.0400 17.5300 37.0600 67.9800 31.8200 35.9100 29.7500 46.3900 79.7300 49.6500 73.5800 74.3000 82.2100 12.5500 43.9200 53.5800 28.5200 42.6400 29.9900 80.3000 48.1600 0.0000 91.5348 34.1900 49.8257 28.5600 61.9510 33.9802 48.7552 43.6440 50.0050 17.0448 47.2576 26.9144 19.9184 81.7029 
66.0834 70.1200 8.4400 50.3900 77.9600 49.2700 72.3700 98.2900 39.9500 102.0500 92.3100 103.0100 26.1700 97.7000 62.5900 46.9800 88.3100 94.5300 75.7600 85.1600 52.8300 105.5900 56.3700 83.0500 48.3100 86.6700 14.8100 91.1600 98.5600 89.0000 48.9700 111.5500 47.3000 59.4100 19.8000 125.2500 88.7100 0.0000 67.0516 46.5756 67.9063 35.1362 97.4381 61.7838 99.8240 57.9838 79.1642 57.3064 74.4214 105.9284 86.5056 
33.1960 61.9500 60.8400 22.5800 22.6700 62.7600 49.4000 42.7800 35.7300 63.1300 91.3100 74.9300 44.4200 37.1300 72.3900 16.5400 41.7800 58.8400 73.1400 49.8500 19.2800 58.8800 43.2900 85.3600 40.8800 82.1700 50.7200 90.4900 37.5800 31.4100 46.1400 59.8100 17.0800 21.3700 60.9300 78.6500 31.5900 63.5200 0.0000 23.0078 8.4450 43.7541 58.1976 48.5801 39.2540 46.4701 25.7376 42.5901 11.6328 40.8102 88.8156 
31.9360 51.4700 38.4000 11.9300 36.5100 44.7300 44.1900 57.4300 16.2700 67.9200 80.6000 74.6800 21.7600 59.5100 56.5900 8.3800 50.0200 61.5600 61.6800 51.6400 12.6000 68.0800 31.6100 73.1100 25.5400 72.1600 28.3100 79.6100 56.6300 52.6000 30.3800 72.2300 5.7000 20.1100 38.2100 88.3800 47.2500 41.9600 22.7800 0.0000 25.6956 26.8128 64.2715 37.3806 61.6340 35.2250 38.6630 33.5600 33.3600 63.5902 76.5656 
28.3360 57.0300 60.9300 19.4500 17.8000 59.2800 44.0400 38.5500 33.3200 57.6300 86.2400 69.3000 43.4200 39.6900 68.2600 18.1100 36.4200 53.2300 68.2500 44.2100 15.9700 53.7600 38.8300 80.5200 37.2000 77.0500 50.8500 85.4400 34.9000 35.1400 42.3900 55.2200 17.0300 16.5100 59.9700 73.7000 27.4700 64.3200 5.6300 22.5400 0.0000 43.7041 52.8702 43.7201 41.8140 41.6101 24.0848 37.7301 7.7322 42.2684 83.9756 
38.4626 39.7300 25.9400 22.2600 49.7000 25.4400 39.5600 68.3000 8.4000 69.1400 66.1600 70.5600 7.0600 79.9300 38.7200 29.6200 56.5600 61.6000 47.7500 52.2800 25.6100 73.2500 23.5900 57.6300 15.4200 58.8500 18.6600 65.0700 71.3300 73.6000 16.9800 79.9400 26.4100 30.0800 20.3100 92.6000 60.0100 32.9400 42.8000 21.2800 40.9500 0.0000 64.9115 28.4126 80.9111 24.6126 50.4344 24.4164 48.6822 77.0832 61.0856 
36.8444 40.9400 89.7100 49.3000 33.8400 61.5100 27.4500 25.3100 56.6100 7.7700 58.2900 24.0200 70.3500 72.1300 59.8800 62.9500 14.0600 7.9200 48.3500 12.0300 48.5700 11.3900 41.6900 58.0200 48.9200 50.0800 81.8100 58.1000 39.3000 74.3900 50.1000 21.6300 58.7300 41.0800 82.4600 28.8500 30.6800 96.5100 55.4200 61.0500 49.9400 63.7800 0.0000 40.1380 73.2150 44.0900 37.3290 41.8900 49.9944 46.6684 59.6138 
22.9655 15.6100 52.8100 26.3300 39.5400 23.6700 12.2000 51.3700 23.4200 43.0300 45.1700 42.6800 34.9400 79.8800 27.6300 42.6800 36.2300 35.1700 26.5600 26.9800 28.6100 49.7700 4.7300 38.7000 12.7300 36.3400 46.5200 44.2600 59.4300 76.8500 11.6300 58.3500 37.6900 25.4800 44.2500 67.5100 46.8800 60.4300 46.7000 36.2000 41.9900 27.8800 39.0100 0.0000 80.2344 3.9520 35.3430 6.6800 48.2681 66.7984 42.1556 
66.7260 93.1600 96.9300 59.0900 41.6100 98.7000 77.9600 47.1800 72.8300 78.0800 120.8000 94.6100 81.6000 1.7700 106.7400 52.5500 57.8400 77.4100 104.2900 71.5400 55.6200 68.0100 77.0900 116.5100 76.5900 111.5200 86.9200 120.1700 33.2500 11.8500 81.6800 62.7600 54.2100 54.9000 98.0400 82.8100 40.3600 98.4100 37.3300 59.8500 39.6500 80.1100 70.9200 79.4400 0.0000 80.0001 47.8948 76.1201 36.2663 36.1620 119.9656 
22.4095 17.9100 49.0200 24.4200 40.4400 21.4600 15.9300 53.5700 20.0000 46.6500 47.2100 46.4600 31.1900 79.8300 27.2700 40.4200 38.8300 38.8200 28.3600 30.4000 27.0200 53.0000 2.4100 40.2300 9.1500 38.6200 42.7500 46.2500 60.9200 76.3200 7.8800 61.3300 35.4900 24.8500 40.5400 71.0300 48.4100 56.6300 45.6800 33.5500 41.2400 24.1300 42.4000 3.8000 79.4700 0.0000 36.5600 4.3600 45.9481 67.7609 43.6856 
19.9500 47.3700 69.4900 24.1800 4.9100 56.5300 32.0200 23.8800 37.0300 40.1900 74.9100 52.9200 50.1400 46.6400 62.2800 32.8000 18.8600 36.2900 58.4200 27.9600 21.6800 36.4100 33.3200 70.6000 35.5900 65.6200 59.9500 74.2600 26.2800 45.7400 39.8500 38.9600 29.5900 15.4200 65.7200 56.5500 14.5800 74.4900 22.9800 33.6200 17.5700 45.4300 32.4600 34.6500 45.9500 35.5300 0.0000 35.2700 21.0644 33.6484 74.0556 
18.0495 21.3700 48.5300 20.6800 37.1000 24.3900 16.6100 51.1500 17.7100 46.5100 50.8200 47.8100 29.9700 76.0600 31.0400 36.8500 36.9200 38.8300 32.0500 29.8600 23.1900 51.9500 1.5000 44.0000 7.5600 42.1200 41.6200 49.8900 57.8900 72.4700 8.7300 59.8200 31.8800 21.0100 40.7500 70.5200 45.4400 55.8600 41.8100 30.2300 37.3800 22.9800 41.7200 5.9900 75.7300 3.8800 32.2000 0.0000 43.8995 64.8695 47.4556 
31.6860 59.6800 66.1900 24.1700 15.2400 63.4800 45.8500 34.9400 38.2200 56.4800 88.5400 69.2700 48.6300 35.3900 71.8900 23.0600 34.8400 52.7300 70.9300 44.2100 20.6800 51.4800 42.2700 83.2300 41.3800 79.2900 56.1100 87.7800 30.0900 31.8100 46.4800 52.0400 22.2600 19.8600 65.1600 71.0600 23.7400 69.5300 7.8600 27.8000 5.2600 45.9900 48.7200 45.0700 35.2100 44.6800 16.4400 40.8600 0.0000 35.7048 86.6856 
48.6928 76.5100 98.6200 54.1500 27.1700 88.3400 60.2900 20.5000 68.0000 52.1100 101.0400 69.7600 80.1500 30.3100 93.0900 56.1000 34.8600 53.1500 86.8500 49.6800 50.9800 40.6500 64.9900 98.4700 67.5400 92.0300 88.6400 100.6000 6.7600 36.8000 71.8000 34.2900 55.1300 46.4800 96.3700 54.1700 19.0100 102.4100 40.0100 60.4800 38.1700 76.3200 45.7600 65.7500 28.7000 67.0900 31.9600 63.9500 33.0600 0.0000 99.5629 
59.3942 23.9800 77.2500 65.6200 74.8900 36.5100 38.4500 79.0700 59.2600 54.5200 6.6600 39.9900 65.7100 117.0700 23.1900 81.6200 63.1500 48.6700 12.9000 48.4300 68.0400 67.0700 43.4600 3.2600 48.9400 6.5300 75.3000 5.5200 90.9400 115.2200 44.4200 77.7300 76.7100 64.5700 65.9900 76.3900 79.0800 85.6900 85.9300 74.4400 80.9800 59.6000 56.4100 39.4400 116.4000 41.2400 70.4500 44.9400 83.5100 97.6900 0.0000 
~
Delivery quantities;
9.58	61.86	89.65	37.11	63.43	40.74	54.99	84.00	9.06	62.04	42.30	25.22	3.17	24.25	27.86	15.44	52.61	56.52	30.53	85.76	99.66	25.77	1.32	39.96	55.45	9.18	48.34	69.48	82.24	94.75	77.18	42.14	78.49	80.66	75.46	93.61	70.67	9.74	88.98	31.65	99.05	16.54	69.97	80.67	28.33	70.07	12.60	52.62	74.11	23.70
~
Pick-up quantities;
11.11	33.57	118.14	50.43	33.24	21.40	63.57	93.23	7.46	62.07	55.70	37.22	2.17	26.31	17.70	8.12	51.27	58.53	42.26	79.16	61.96	37.65	1.38	47.13	45.73	6.00	40.57	43.15	49.68	106.08	80.11	41.46	96.44	97.52	67.69	137.19	78.27	11.90	45.49	36.71	131.73	15.49	102.32	66.20	39.57	91.77	10.24	76.64	60.70	34.88
~
Vehicle capacity; 
859.51 859.51 859.51 859.51 ~

