Cost matrix;
0 48.0400 34.3100 53.6000 48.9700 37.7800 53.1800 50.6600 37.7500 54.8000 28.9000 62.5600 27.7900 36.2200 65.6100 48.1200 34.1600 44.6000 48.8100 26.3500 32.1000 46.7400 13.9000 51.3900 19.2100 32.7600 43.3000 34.3500 11.7900 67.1400 40.3900 13.9900 23.7300 33.0400 16.9200 39.2100 35.4500 24.3500 44.0900 38.6400 24.3300 30.4500 40.9200 58.6900 9.7700 47.9200 43.0200 44.1000 47.5700 43.1000 23.8500 
51.2508 0.0000 27.4000 38.9865 70.8000 86.2465 19.7165 28.0465 40.1465 46.7065 49.2600 44.1365 70.8700 64.4000 42.5265 97.6765 78.1000 73.6100 0.9765 51.2700 79.5865 24.9048 53.7965 32.3808 54.6865 18.4400 74.8600 84.6665 56.8900 109.6100 18.4555 49.4565 71.1965 72.3100 63.4365 52.8241 79.8920 26.1665 63.3233 60.7288 35.3500 65.9222 87.0388 31.7597 61.0208 94.9216 93.8393 92.6964 79.5729 48.2720 47.8764 
45.6558 27.4000 0.0000 28.2865 79.1299 65.4564 31.6208 21.6150 54.3707 27.5042 56.1807 38.7270 62.4281 69.8407 33.1170 83.6564 70.4623 46.2100 28.3765 56.5407 58.0564 51.0944 34.0064 57.7044 29.8464 34.4844 79.5907 68.9364 51.8807 103.9543 18.5808 30.8264 51.0764 72.8686 44.3464 62.3699 72.2543 20.4207 70.4499 33.3288 42.2799 71.1929 79.2086 30.9078 45.2264 86.4797 76.0964 65.2964 84.5012 21.5000 20.4764 
63.6202 37.3100 20.3500 0.0000 97.7080 82.3666 22.0242 11.8342 72.9218 11.2590 75.1080 10.8537 82.7781 90.0280 17.0314 101.6208 90.8123 54.7666 38.2865 76.7880 74.9766 62.2148 51.9708 69.6908 47.8108 49.7318 99.9407 86.9008 72.2307 122.4596 30.7092 48.7908 68.9666 91.2130 62.3108 80.9480 90.7596 40.7707 89.0280 38.8366 60.8580 91.4402 98.8221 16.4465 63.1908 105.9208 94.0466 79.7066 104.8512 18.9666 38.4408 
53.2980 69.6800 74.4300 94.5900 0.0000 72.0808 85.1000 87.4500 32.4060 99.2500 27.1960 103.1400 36.4108 19.7490 104.2700 64.2100 38.9200 93.7608 70.6565 25.8940 70.3708 51.8760 64.6208 49.6860 70.2408 53.7600 16.3800 60.8908 39.6608 53.3118 72.8600 65.4008 64.7708 31.7932 62.1608 20.5460 40.7120 59.1100 11.5260 89.8908 36.8500 20.9708 43.1349 97.1432 55.4219 52.1018 70.0018 82.9210 16.4618 94.2160 75.8078 
44.9582 84.4300 64.0300 78.1600 70.9300 0.0000 88.1970 82.4270 74.6930 78.1470 62.3130 88.8670 44.8050 60.6968 93.4470 29.0498 41.4044 41.5260 85.4065 58.8430 10.0170 88.2930 36.5259 91.5030 38.9130 77.5430 58.8668 20.0250 42.2730 63.9298 77.6895 42.0191 22.2558 45.2268 29.7444 72.9230 40.0044 69.2060 75.5470 51.5130 66.4457 57.9915 44.3169 91.6800 36.5560 42.6498 19.8198 17.2302 63.7773 69.6300 49.2200 
62.4810 18.2800 21.5400 20.9800 84.6200 85.4200 0.0000 11.1071 57.8208 31.8215 63.5208 25.6732 79.4608 78.0208 23.2732 101.4908 86.4808 67.7500 19.2565 64.5908 79.5964 43.1848 53.8108 50.6608 51.3864 34.6408 88.1508 87.2108 61.3108 119.1708 13.3008 52.3664 72.6164 83.8195 65.8668 69.2580 88.2728 31.0695 76.9008 53.8356 51.5508 79.2430 95.4196 12.0432 62.5560 103.5124 96.3836 86.8364 93.0613 33.9656 42.0164 
61.9378 26.4100 16.5000 11.0600 87.4400 79.7800 10.1900 0.0000 61.0876 20.7144 68.7176 21.9137 78.9281 82.7328 22.0036 100.1564 86.9623 58.6585 27.3865 69.3028 74.5564 51.3148 50.5064 58.7908 46.3464 37.8976 93.7250 85.4364 66.8850 120.4543 18.8750 47.1084 67.5764 89.3686 60.8464 73.7652 88.7543 36.7500 82.4750 42.7285 54.8076 83.9550 95.7086 10.7736 61.7264 102.9797 92.5964 79.3400 98.6355 22.8585 36.9764 
48.9279 39.0700 49.4400 68.2800 31.0100 72.6600 55.2000 59.6100 0.0000 76.9442 21.0980 79.1337 47.4317 31.2076 78.4732 78.5417 53.9617 81.2230 40.0465 23.1217 70.9792 27.2767 51.4592 25.4664 54.8430 26.9004 40.4378 67.5594 34.6894 79.1876 51.1192 49.1792 62.7948 45.5876 55.0248 12.6776 55.7537 37.3692 23.1768 72.1992 15.1092 34.9885 62.9005 67.2432 51.6826 71.4833 76.7322 85.1983 45.3483 70.9400 57.7954 
56.9920 44.9900 24.3400 8.3400 98.4800 75.4800 29.2500 19.1800 73.6400 0.0000 78.5220 15.4044 83.7128 90.5028 18.3505 96.1628 89.5228 48.9228 45.9665 78.1428 69.1328 69.8948 47.0428 76.6592 42.3728 54.9231 98.8828 81.5228 67.6228 122.0028 38.0550 43.7128 63.1228 89.2628 57.0328 84.3620 90.7028 44.7607 92.4420 32.9928 64.2720 85.6428 95.5028 24.7865 58.2628 101.0028 88.2028 73.8628 103.1528 13.1228 42.7173 
32.7253 49.0200 51.4000 71.5800 23.0300 59.6300 62.5000 64.6600 15.4000 75.4800 0.0000 81.5375 29.2932 17.8191 82.6675 60.7413 36.1613 74.0800 49.9965 5.3213 58.7548 39.7575 46.6253 39.2110 47.7000 32.1575 30.3907 55.3148 22.4448 64.0707 51.2575 46.7153 53.4280 27.9707 47.2680 10.6100 37.9533 37.5075 21.7813 71.3653 15.2475 17.0607 45.1001 71.8100 39.4380 53.3312 64.2893 70.5613 30.3129 72.9000 55.2351 
62.5600 42.5900 29.1500 8.9700 103.0500 86.2500 24.7000 16.7000 76.0300 11.6700 80.0800 0.0000 90.3500 95.4380 7.5174 107.8328 96.7200 60.5928 43.5665 82.0080 80.8028 66.7852 58.7128 73.5352 54.0428 54.5976 105.8600 93.1928 74.3500 129.7000 35.5750 55.3828 74.7928 95.6000 68.7028 88.7076 98.0100 49.5707 97.7745 44.6628 69.6045 93.0100 103.4800 14.1752 69.9328 110.4800 99.8728 85.5328 110.1300 24.7928 47.4108 
28.9016 70.4200 61.8100 81.3700 34.2900 36.7400 79.2000 77.8900 43.7300 82.4900 28.4400 90.3400 0.0000 25.9105 94.5116 34.5968 8.3868 66.3552 71.3965 27.4703 39.4580 68.1184 40.9752 67.6510 48.1116 59.2412 23.6170 33.0588 23.9712 41.8788 69.2916 42.8916 42.2652 10.4405 34.4952 39.0500 10.1788 53.2516 39.8988 67.5416 43.6875 19.6088 16.7805 87.5916 31.4942 24.0516 42.2316 53.0640 26.0624 72.0016 52.7516 
43.3149 64.2300 64.5200 84.8700 13.6200 57.7100 77.2600 78.7400 28.8400 88.0000 15.2300 93.5900 21.5100 0.0000 97.6370 52.5226 28.5626 81.9700 65.2065 18.1305 58.5800 54.9875 52.8300 54.3064 58.4500 47.3875 15.7290 49.1000 27.8700 53.7956 66.4875 53.6100 52.9800 18.8734 50.3700 25.0155 27.1626 52.7375 16.4415 78.1000 30.4775 9.1800 35.2251 87.0400 43.6311 44.6426 58.2728 72.7991 16.9456 82.4252 67.1649 
66.9222 41.0800 31.5400 12.7100 104.2700 90.8400 22.8200 16.8500 76.3600 17.1500 81.4400 5.6100 93.2700 95.3500 0.0000 112.1565 101.0822 64.9165 42.0565 86.1528 85.1265 65.9848 63.0365 73.4608 58.3665 54.7476 107.8737 97.5165 78.7122 134.0622 35.7250 59.7065 79.1165 99.9622 73.0265 87.5266 102.3722 51.9607 99.3250 48.9865 71.6576 94.5437 107.8422 15.2728 74.2565 114.8422 104.1965 89.8565 111.7529 29.1165 51.1508 
48.6012 95.9700 80.2500 96.9000 63.0500 23.0800 100.6700 96.6700 74.6500 95.3900 59.6000 105.4600 31.3600 51.9000 109.5800 0.0000 32.6389 64.0644 96.9465 58.8303 31.8744 91.8962 50.2700 95.1062 53.9800 81.0186 50.6089 15.9084 45.8762 38.5589 88.9912 54.8400 36.7320 41.7489 39.3100 70.2100 31.2989 72.9512 68.3415 71.5544 72.9312 50.9688 25.2189 106.1970 46.2844 16.0989 11.8144 39.5792 54.2337 83.6591 64.2870 
36.1316 77.6400 68.4100 87.7200 37.1500 35.9900 86.2100 84.6200 50.2600 88.4700 34.8700 96.6800 7.2300 25.6900 99.7800 26.2100 0.0000 69.0120 78.6165 31.1484 37.6584 68.9197 45.9620 72.2497 51.3920 61.3197 24.7620 24.6720 28.4020 33.4920 76.3420 47.6944 36.9420 12.5952 38.4320 45.3906 1.7920 60.4816 42.1315 74.3660 44.4097 23.3006 8.9388 94.8216 38.7242 19.2720 33.8448 50.9012 29.6725 79.2316 59.9816 
50.1980 73.1700 46.2100 50.9000 92.6400 38.4500 65.9200 57.1300 80.6800 45.2200 73.5000 56.8900 63.5500 79.2600 62.3000 61.4300 66.5400 0.0000 74.1465 74.1750 44.7743 89.2806 33.9350 95.0806 36.9320 73.1806 87.1670 55.0443 61.9880 99.1043 64.3480 36.8606 36.2843 73.9905 44.2854 84.1100 68.3320 61.8812 92.1440 22.4840 71.0120 77.1574 75.4788 63.4080 45.7079 77.5289 57.4750 41.4256 89.6124 36.1580 38.1612 
50.2743 0.9300 28.3200 38.0100 69.8600 85.2700 18.7400 27.0700 39.1700 45.7300 49.3600 43.1600 71.0100 64.5800 41.5500 96.7000 78.2400 74.1000 0.0000 52.2000 78.6100 25.8348 52.8200 33.3108 53.7100 19.3700 75.7900 83.6900 56.6500 110.4333 17.4790 48.4800 70.2200 73.0533 62.4600 51.8476 80.0320 25.1900 62.3468 61.6488 36.2800 66.4207 87.1788 30.7832 60.0443 95.0616 92.8628 92.8291 79.6729 49.2020 48.7964 
27.4040 51.2300 51.4400 71.7500 23.5400 55.6700 63.8500 65.3800 19.4300 75.2300 4.1900 80.4000 24.3100 13.4300 82.0400 55.4200 30.8400 70.8600 51.6300 0.0000 59.3423 42.3863 41.3040 43.4010 46.6140 34.1432 27.9822 54.5722 23.0323 61.6622 55.4475 41.3940 51.1340 25.5622 44.3240 14.8000 32.6320 41.6975 25.7375 66.0440 19.4375 14.6522 39.7788 75.8932 37.1740 48.3616 58.9680 65.2400 30.3756 70.3238 49.9138 
39.8040 77.7400 56.7400 70.7400 69.6300 7.4200 78.1800 72.4100 68.3600 68.1300 56.2000 78.8500 36.2000 56.1300 83.4300 29.0200 36.9200 32.6800 78.6000 52.4300 0.0000 80.9387 30.6874 84.2687 30.5964 68.1374 58.8234 19.2933 36.6731 64.5333 67.8521 32.0021 12.3954 46.6405 19.7274 66.8100 38.7120 60.2857 72.5715 55.1640 56.4287 55.8088 41.1415 83.1836 27.6357 45.1189 24.6738 14.2191 62.2624 61.3134 40.9034 
51.4140 23.0600 43.1200 58.3600 50.5500 84.3600 41.1400 48.0900 19.9100 65.2100 34.0200 64.7300 60.8200 48.5100 63.7700 90.4000 67.8000 83.5700 22.7900 37.5100 78.8400 0.0000 63.0918 7.4760 64.3655 22.9218 60.3478 81.8212 48.9912 98.0907 40.2690 59.1355 75.1440 61.9907 68.3340 32.5876 69.5920 35.8455 43.0868 76.4488 27.4512 51.0807 76.7388 53.1832 61.1840 84.8716 90.9940 93.0591 64.3329 64.6200 63.5964 
16.2630 51.7100 30.7400 46.9800 62.7200 33.5100 51.9700 46.9000 50.2700 46.2600 42.7100 55.6800 37.9400 49.7300 59.6200 50.0200 43.0800 30.8500 52.5900 40.2400 26.4100 55.9800 0.0000 63.4560 8.2505 43.1849 57.4829 36.6460 28.0530 75.5329 42.7149 6.8649 19.8260 45.3129 12.0560 53.3200 44.5029 36.1953 59.1396 33.4884 37.0770 45.8829 49.0429 57.6736 11.7729 58.5448 45.4316 40.6291 62.0266 36.9728 17.9949 
58.5340 29.6000 50.1900 65.4200 48.2400 88.5600 47.8300 55.0700 19.4400 72.3200 34.7000 71.6700 62.6400 48.1400 70.5700 93.0300 69.3800 89.8500 29.2400 38.5700 83.3900 7.1200 61.5400 0.0000 69.7905 30.0418 58.4900 86.9994 54.1294 96.7100 44.1936 66.2555 81.3660 62.6707 73.5960 30.2000 71.1720 42.9655 40.4496 81.7544 34.5492 51.7607 78.3188 59.8732 68.3040 86.6916 96.1722 97.6091 63.4005 71.6900 64.9144 
20.9389 51.8100 28.5400 43.0500 68.1600 35.7000 50.0700 44.0800 54.3000 41.6300 47.7000 51.5400 43.5500 55.2800 55.7600 53.9200 48.5400 26.3800 52.7200 45.4300 28.3300 58.3600 5.6900 64.2800 0.0000 43.8825 63.1729 40.4336 32.7289 81.2229 40.2492 7.5625 23.6136 51.0029 15.8436 58.3100 50.1929 34.0270 64.8296 25.7939 42.7670 51.3889 54.7329 52.7670 17.4629 64.2348 49.6064 42.5491 67.7166 30.7170 10.3070 
47.5020 18.4400 27.8100 45.4400 52.3600 70.4500 32.3300 36.4400 23.1900 51.3300 30.8200 52.9400 52.4300 45.9600 53.1600 79.4300 59.6600 67.0100 18.9000 32.8300 64.4000 16.6100 40.1700 23.2200 42.1000 0.0000 56.5900 71.2800 38.4500 91.1700 31.5832 39.9520 59.0846 53.8700 51.3146 35.8676 61.4520 20.2662 45.0800 61.1388 16.9100 47.4822 68.5988 44.3732 51.9429 76.4816 80.4528 78.6191 61.1329 47.1450 48.2864 
44.5990 74.8600 73.8500 94.1800 15.6000 57.8800 87.5300 88.5700 39.2600 96.8200 25.9100 103.0000 21.4700 10.7000 105.0300 47.8300 22.5400 83.9900 75.2300 23.7700 57.6700 59.0600 56.0000 58.3600 61.6800 56.5400 0.0000 47.2120 32.4759 41.7605 77.1675 58.5890 55.4132 15.4132 55.9652 31.7521 24.3320 63.4175 22.7321 83.2390 41.1575 17.9955 26.7549 97.7200 49.4691 38.8845 56.3848 71.8891 4.9105 87.6990 68.4490 
39.5025 82.3800 65.6300 82.1700 59.0100 13.3500 86.2300 82.0100 64.7300 80.7600 50.5100 90.7500 24.7800 46.2400 94.8500 14.7300 22.9500 49.0100 83.1500 46.3700 16.4900 78.7500 35.2900 82.0900 39.2200 66.5500 45.2500 0.0000 43.7171 45.2400 76.4877 40.8577 20.8236 34.5060 25.3277 61.1200 23.3376 63.8525 62.6815 61.2617 63.8325 44.3888 29.9640 91.9870 32.3764 30.8289 9.1728 26.8380 50.1605 69.6768 49.5270 
15.4449 52.7600 44.1300 64.0800 37.7400 40.2600 61.0500 59.9700 32.4200 65.9200 20.0400 73.0200 18.1600 24.6500 75.6700 44.5400 25.2200 54.9800 53.4100 16.5700 36.3100 46.0200 25.0900 49.2300 30.6500 35.2700 31.5300 32.8700 0.0000 58.7120 51.1560 26.2650 30.9832 24.6176 24.8232 30.6500 27.0120 34.6060 37.6956 53.1832 31.0176 26.9136 34.1588 70.7436 16.9932 42.2116 42.0428 50.5291 36.4405 58.5449 39.2949 
68.6716 109.1900 101.4100 120.6300 52.1900 57.3100 118.9100 117.6000 76.9200 121.0900 62.2700 129.5800 39.7700 48.1600 132.7500 35.4300 33.0000 94.2000 109.7100 59.0100 61.7300 96.2700 75.1000 96.2900 80.2800 90.8400 38.3500 45.2400 57.8900 0.0000 109.0460 80.4592 63.3992 45.5952 67.4392 70.1021 34.7920 92.4960 61.0821 98.8692 77.4097 51.2409 32.0292 127.3616 65.8192 22.9092 47.2444 72.0780 43.2605 110.9970 90.5870 
51.6025 14.9900 12.6400 24.6200 72.7600 73.9900 13.0400 15.1000 44.5200 31.4300 50.2200 31.6700 66.1600 64.7200 31.8600 88.1900 73.1800 58.8200 15.8900 51.2900 66.9200 33.8200 40.5100 40.9200 39.4600 21.3400 74.8500 73.9100 48.0100 105.8700 0.0000 42.6615 60.3360 72.6276 52.5660 55.9572 74.9720 20.1910 63.6000 45.9688 38.2500 65.9422 82.1188 25.0832 52.2829 90.2116 83.0828 77.9364 79.7605 34.1400 33.1164 
14.8294 47.2000 26.1800 42.9900 62.7900 38.1800 47.3300 42.4400 48.0600 42.7900 41.8300 51.7900 40.2600 50.1900 55.5500 54.3000 45.8600 32.6200 48.0900 39.7600 31.0700 52.4200 4.6700 58.2200 6.2500 36.3200 57.1800 39.6100 25.7500 78.3100 35.8500 0.0000 24.4960 47.8694 16.7260 52.4400 47.6520 33.3047 58.9194 27.4614 39.1594 45.2794 53.7129 51.3570 16.4429 62.7494 48.7828 45.2891 62.0905 33.6490 15.2145 
28.7133 69.3700 49.1200 64.2200 64.1600 15.1400 70.4100 65.1000 60.5200 62.3100 49.0300 72.6100 32.2100 50.5400 76.9400 33.1600 34.5200 32.1100 70.2200 45.4400 8.4900 70.4400 18.4500 75.1000 21.2200 55.9100 53.4200 18.7600 28.9900 62.8200 58.8600 23.1000 0.0000 42.6505 11.2665 59.6400 36.3120 48.4587 64.5280 46.7539 49.6087 44.2380 43.4588 73.9870 15.8087 46.5635 27.9328 22.7091 58.2724 51.9370 31.5270 
36.7516 71.8200 66.0700 86.0500 27.2000 44.3400 82.1500 81.7400 41.3500 87.7700 26.0200 95.0000 7.8500 15.4700 97.6000 36.4500 10.2400 71.1000 72.3300 22.2800 44.0300 59.7900 44.4600 60.7100 50.1400 53.4600 13.6400 31.9500 21.9800 37.3800 69.1500 46.3200 40.0000 0.0000 42.3452 34.8547 11.9519 56.5860 30.3202 69.6800 40.4047 12.7647 19.1788 92.5136 38.9732 26.4195 41.1228 56.5297 18.5505 79.8516 60.4470 
21.5863 61.6000 41.6900 57.5900 61.3200 22.9100 62.8400 57.8500 54.4800 56.2900 44.1500 66.1600 31.9400 47.7800 70.2800 39.3100 35.7600 31.8600 62.4500 40.9000 16.1700 63.2700 10.9600 68.1800 14.6700 48.4100 52.1400 24.5900 24.3700 66.3400 51.1600 15.5300 7.7700 39.3400 0.0000 54.7600 37.5520 40.5583 58.5283 35.9340 41.7083 42.0183 44.6988 66.8870 7.9083 54.3335 33.7628 30.3891 57.0505 44.3491 24.9770 
41.7040 50.7400 58.1100 77.7700 19.0600 69.9400 66.2200 69.8200 11.9600 82.4400 10.6100 85.9000 37.0100 18.5300 86.6600 68.3600 42.7000 83.7200 50.8900 14.3000 66.7200 31.7100 52.8800 30.2000 57.6800 33.9000 28.2900 60.3000 30.6400 66.5100 54.8600 51.6600 59.6200 32.9100 54.7400 0.0000 44.0609 47.7743 13.2594 77.2750 25.5143 22.3109 51.6388 78.2632 47.6332 59.3295 69.4728 79.5400 33.2005 79.6100 60.4350 
37.5316 79.0400 69.7200 88.9800 37.8200 36.0400 87.5800 85.9500 51.5400 89.6700 36.1400 97.9300 8.6300 26.6300 101.0600 25.3600 1.4000 67.2200 79.6400 32.1400 37.2500 69.1600 44.1700 70.6900 49.6000 61.0600 22.9700 22.8800 26.6100 31.7000 74.5500 47.0100 35.1500 11.1700 36.6400 43.8400 0.0000 61.2160 41.4902 72.5740 45.8097 23.9347 8.0625 96.2216 39.2760 17.4800 32.0528 49.7180 27.8805 80.3170 59.9070 
31.4115 24.3400 15.8300 35.8200 58.7700 60.0900 29.5900 29.4000 33.9500 40.1600 35.7600 44.3300 49.6100 49.4200 45.9400 72.4500 56.6300 52.6100 25.1900 36.1200 53.4200 31.1700 27.6300 37.7800 28.5200 14.5800 59.1700 58.5000 31.4600 89.3300 16.5500 23.2900 45.0300 52.7500 37.2700 42.2800 58.0100 0.0000 53.5464 44.0337 25.3764 50.7722 65.5688 40.1736 37.5475 73.6616 67.6728 67.6391 64.0805 37.3300 34.3940 
45.1540 59.7600 66.2300 86.1300 10.2000 71.0000 75.1400 78.4800 20.8800 90.4900 15.6700 94.3900 35.7000 14.5500 95.3300 66.4200 40.2300 88.6000 59.9100 17.7500 68.6600 40.3500 57.9800 38.1600 63.1300 42.8100 22.0700 60.1700 33.9600 60.2800 63.6000 57.3700 62.2700 30.0200 58.3000 9.0200 41.1800 50.4200 0.0000 82.7796 30.9175 20.8987 48.8249 87.1832 50.9532 56.4395 69.3428 82.8791 26.6618 82.7118 67.6638 
39.5694 58.1800 30.8600 35.1700 87.5300 46.8300 49.9400 41.0700 70.8600 30.2200 66.3400 41.7700 62.8600 74.8500 47.0100 68.4200 67.3700 16.0600 59.1100 64.4500 39.7900 70.8000 25.3700 77.4500 19.6900 54.2400 81.3600 54.4000 50.2600 98.0300 43.5000 24.7400 35.6900 69.6800 31.8000 75.8400 68.3200 39.6700 81.9600 0.0000 61.6568 70.0194 74.4129 51.6165 37.1429 82.2535 63.5728 52.2908 86.2705 29.4076 21.3868 
33.8187 35.3300 38.0900 57.9600 36.8500 60.8000 48.2500 50.6000 13.9900 62.4000 14.2500 66.2900 36.8300 29.1700 67.4200 65.8900 43.9700 66.6900 35.7500 15.9300 55.8700 24.5100 36.3500 27.8400 40.3100 16.9100 39.6800 54.3700 21.5400 74.2600 36.0100 34.0700 47.7300 36.9600 41.2400 20.0900 45.3500 22.2600 28.1700 57.0900 0.0000 30.5822 52.9088 60.2932 38.5332 60.8816 63.5428 70.0891 44.5629 59.5900 42.6862 
34.1349 62.9500 60.5500 80.8600 20.3600 51.1100 74.7300 75.4100 30.5400 83.5100 15.3700 89.7000 15.4400 6.7500 91.7900 46.5300 20.6200 72.7900 63.3900 12.0100 49.4000 49.3700 43.6500 49.9600 49.2700 44.5100 13.3300 39.9200 18.6900 47.0100 61.9200 44.4300 43.8000 10.9100 41.1900 22.0900 21.7500 46.0200 20.2900 68.9200 27.6400 0.0000 29.5588 86.1836 34.4511 37.2810 49.0928 63.6191 18.2405 73.2452 57.9849 
43.7516 85.2100 75.2300 94.2200 41.9000 36.0300 93.4600 91.5600 57.5700 94.5800 42.1700 103.1500 14.8500 31.7600 106.4300 21.4400 7.6400 69.7400 85.8200 38.2200 38.4500 75.3600 48.6500 76.7900 53.9000 67.2800 26.4900 22.7000 32.6400 26.5000 80.4500 51.8100 37.6900 16.5700 40.2800 49.4900 6.2500 63.9200 46.2300 72.0800 51.6000 27.4400 0.0000 102.3336 45.5260 12.1296 29.9230 49.5380 31.4005 84.6170 64.2070 
65.1794 29.8500 24.5300 12.9500 94.4000 87.4400 11.5800 8.0400 65.7900 20.9500 71.8100 13.6300 85.8500 86.1400 11.2300 104.6300 92.6100 63.0500 30.3200 72.7300 80.0400 52.6100 54.7700 59.3600 51.7500 42.6400 96.1100 89.9500 67.8800 125.5800 21.6400 50.3500 72.8700 89.5800 65.7000 76.4100 93.9400 37.0200 85.2100 47.0700 57.6300 83.0200 99.5700 0.0000 64.9733 109.9016 99.1228 87.3800 101.0205 30.8985 45.0064 
13.6780 56.8500 39.8400 57.5700 54.0100 28.1200 60.1500 56.3200 46.8200 57.4000 36.3400 66.4000 26.6900 40.5700 70.0500 40.5300 31.6500 38.6900 57.6600 33.1200 22.3300 56.5100 11.4300 61.1100 16.9200 42.3400 45.7100 26.1100 16.6600 63.7600 47.8100 14.6500 13.9900 33.5400 7.8300 46.9200 32.7300 32.6500 50.6200 36.1900 33.8000 34.1100 37.2700 64.3300 0.0000 46.7719 35.2828 36.5491 50.6205 47.6370 27.2270 
52.4816 93.5200 82.0400 100.4400 50.1000 35.2500 100.9700 98.4900 66.6800 100.2100 51.2800 109.3000 23.5800 40.6600 112.8500 15.6300 16.5400 71.7400 94.1500 47.3100 39.3000 84.3400 53.9600 85.8800 58.8500 75.7900 34.5100 22.8100 40.7600 22.4600 88.0300 57.5500 40.4900 25.6500 44.5300 58.5600 15.2000 71.6000 55.0300 75.9600 60.4100 36.5500 9.1200 106.5200 42.9100 0.0000 24.6564 49.6480 38.1348 88.7588 69.1570 
48.1480 91.0400 73.5000 89.3100 65.5700 13.8600 94.3700 89.7500 73.2400 87.3700 58.7800 97.7200 31.9000 53.3400 102.0200 9.2300 28.5500 52.2500 91.8200 54.6000 20.0600 87.5400 42.8600 90.8000 46.2600 75.3500 51.0600 8.8200 41.6000 44.1100 82.2300 47.3400 25.1100 38.3800 31.9300 68.3100 28.1000 67.0400 67.5900 59.7400 63.1300 47.3200 26.0200 97.6300 34.4700 22.8300 0.0000 27.7648 55.9705 76.2791 56.5670 
46.3050 87.7400 64.6600 76.0500 82.1000 12.2200 86.1700 79.3400 80.9600 72.1600 69.0000 83.4800 48.2400 68.6700 88.4700 33.8000 48.0200 30.4600 88.6300 65.2400 12.8100 90.6400 36.0800 95.4800 36.3700 75.6400 69.6000 25.5600 49.0700 68.8700 75.8200 40.5400 20.4800 55.9700 27.3700 79.5300 48.1300 63.7000 81.4100 42.1700 68.2100 61.9700 48.2500 86.5600 34.4300 47.1400 24.7900 0.0000 74.3024 66.6180 46.6770 
48.8690 78.4400 78.0300 98.3600 15.5300 61.0400 91.4300 92.6400 42.0800 101.0600 29.4300 107.1700 25.0600 14.2400 109.1400 49.6800 25.2600 88.0100 78.7800 27.5900 61.1600 61.9700 60.2200 60.8900 65.9000 60.2000 4.2700 48.1800 35.8000 36.8500 78.8100 61.4400 57.2000 17.2100 56.1600 30.6900 25.5000 63.2500 23.5800 85.5800 43.4100 17.5500 28.2500 100.1400 49.8500 35.6400 53.5400 72.8900 0.0000 90.7952 72.7190 
44.8240 43.1000 17.2000 15.4200 88.5000 63.4000 31.3700 21.7700 65.7600 12.3800 65.7000 22.8800 70.5900 77.3800 27.7300 83.0400 76.4000 35.8000 43.9700 65.0200 56.0100 60.3200 33.9200 67.3900 29.2500 44.9000 85.7600 68.4000 54.5000 108.8800 28.1900 30.5900 50.0000 76.1400 43.9100 73.5000 77.5800 31.8200 81.0900 19.8700 53.4400 72.5200 82.3800 27.2500 45.1400 87.8800 75.0800 60.7400 90.0300 0.0000 29.5945 
25.1794 45.0500 19.8800 33.7200 71.8600 44.9800 41.3600 34.8700 54.0200 32.7300 50.0400 42.3000 50.6100 59.6900 46.4200 63.1800 56.1800 28.9100 45.9800 48.4600 37.5800 54.8000 13.5300 61.2400 9.3700 38.2000 67.1400 48.4600 35.6200 88.5000 31.6300 10.3500 30.6000 56.5900 23.8700 59.2500 57.3200 23.7200 65.7100 16.8400 40.2700 54.2000 62.0100 42.4600 24.7500 67.4800 55.6200 44.8200 71.4100 20.4100 0.0000 
~
Delivery quantities;
37.08	31.66	12.79	9.56	9.44	38.65	40.61	30.73	65.86	73.50	84.55	15.64	37.43	10.31	94.85	42.89	88.47	71.92	58.59	90.16	4.31	47.05	26.07	52.51	22.43	2.79	15.91	45.66	68.23	78.84	58.86	33.82	14.89	55.22	58.02	70.66	29.80	9.79	77.71	9.21	85.52	99.94	61.96	42.71	59.30	81.17	0.77	52.30	14.23	93.13
~
Pick-up quantities;
36.57	34.42	7.24	10.46	9.87	42.70	41.20	24.07	65.54	41.94	83.53	17.50	49.08	10.61	127.50	51.75	44.44	39.65	79.60	106.98	4.30	53.04	26.91	70.35	15.92	1.87	19.56	37.67	80.88	99.34	76.99	48.90	7.64	64.77	32.36	44.02	22.81	12.85	106.82	7.40	106.05	78.24	52.66	64.00	39.75	61.54	0.90	48.59	13.95	126.13
~
Vehicle capacity; 
772.50 772.50 772.50 772.50 ~

