Cost matrix;
0 38.6500 15.3000 25.8200 60.0400 29.3200 47.3200 54.1400 43.8400 38.7800 48.6500 23.4300 49.0400 52.5700 17.2900 60.3900 53.7600 18.3000 20.6500 38.4600 50.2600 30.3400 34.4300 10.5700 30.0600 38.7200 56.0100 53.7600 26.2800 43.3300 37.0900 37.4700 48.6100 18.9900 34.2200 35.1200 29.3400 49.5200 28.3700 45.0500 36.6300 63.6400 28.7700 32.1300 36.2600 17.3400 49.2800 35.3100 24.3600 62.6600 31.5600 
42.5150 0.0000 49.1500 28.5354 54.4554 52.6136 51.3254 71.0454 82.1554 73.1954 81.0800 43.0636 81.3900 59.6354 56.5554 82.7354 19.6650 27.6336 46.6654 77.7354 59.7254 51.8954 61.4254 43.9754 59.7054 70.3100 34.1300 92.2954 56.6554 66.9054 68.0654 76.7154 83.2854 56.7654 56.9154 4.1654 65.2814 18.5120 62.6272 50.5754 46.6689 40.3995 45.8726 73.0014 43.1678 59.8550 35.8013 71.8840 55.3486 87.1952 38.4578 
20.6550 49.1500 0.0000 40.9800 58.2122 47.5570 46.1922 71.1270 44.1670 26.8940 34.8711 44.0850 34.4511 50.8864 16.7370 74.1110 67.5371 33.3400 41.3050 34.1600 47.0364 50.8810 22.7620 31.2250 17.8020 25.9744 74.5310 46.5900 14.0220 34.3886 47.4510 34.6500 35.8470 11.0500 52.4910 53.3154 19.0840 67.6620 15.4344 43.3122 57.2427 81.9304 49.4250 25.3764 34.3122 20.3010 67.5610 22.7340 43.4130 75.9520 29.6022 
35.4774 26.8700 40.9500 0.0000 75.6624 27.1031 66.5924 44.4235 63.6804 65.7232 75.5832 19.3479 75.4011 73.5224 41.7104 57.2135 43.3676 10.7724 26.8836 62.0504 73.9565 30.5872 63.7120 25.2504 58.7520 66.3832 35.6966 82.6252 54.9720 75.3386 44.8376 65.7944 75.7232 47.0852 33.9368 31.0354 56.2632 38.7576 56.3844 65.4774 18.1335 44.2266 18.7172 63.3212 56.4774 45.2744 28.7266 63.0128 30.8908 61.8135 51.7674 
76.9850 50.6000 56.3300 69.6300 0.0000 88.6993 22.4543 112.1493 99.9177 70.4538 76.0493 80.4493 76.1993 28.7100 72.4877 120.5193 70.2650 66.6593 80.1093 88.9793 33.1144 88.9493 53.4693 71.3893 55.8293 65.4338 84.7300 92.9385 55.3193 52.8293 98.1793 89.9193 78.6771 66.3993 93.5593 54.7654 65.5893 69.1120 60.5993 16.0393 86.7900 86.6539 84.8983 75.6461 26.6400 76.0517 86.4013 67.5185 87.8278 123.8391 32.1978 
32.1820 51.7100 41.7400 25.3300 87.4900 0.0000 78.3025 25.9376 44.2963 61.6820 71.6520 11.0860 72.0620 83.9625 32.9363 34.2085 62.5112 26.9784 10.9125 48.2363 82.4420 3.9712 64.3763 22.2651 58.9720 62.9320 52.9148 66.7763 55.6563 73.8363 17.7345 45.3063 70.4363 40.9020 7.1485 53.4000 53.6564 59.3708 54.5774 77.2320 21.0848 63.3808 17.1708 51.6363 68.4420 30.4163 52.5908 57.9912 8.8163 37.4283 63.7420 
58.2036 48.5900 41.2100 61.7700 16.3900 76.1100 0.0000 101.1196 85.3770 53.4820 59.1928 69.3396 58.7728 11.0110 57.9470 108.9196 66.7796 56.3396 68.5296 73.5324 12.9297 77.6396 42.7096 59.4196 38.0920 54.5786 82.7200 79.7886 43.4196 40.2696 85.5984 75.8600 65.4236 52.2600 82.1096 48.8096 49.1186 64.7396 44.0386 13.4420 78.7596 85.7296 71.9996 57.7824 12.7296 61.5110 79.1374 55.8682 73.9174 112.2574 18.2874 
57.1220 69.0000 66.5600 42.7600 110.6700 24.9400 100.3000 0.0000 62.5975 83.5400 93.3000 36.0260 93.7100 108.9025 57.8763 20.7936 82.8208 51.9184 35.8525 68.7728 107.3672 28.9112 89.3163 47.2051 83.9120 87.2300 68.6360 89.9485 80.5820 98.7763 35.8375 68.0985 92.6800 65.8420 25.8432 73.1654 78.5964 78.2808 79.5174 102.1720 36.8060 77.5760 36.0808 76.5763 93.3820 55.3563 62.0760 79.3800 33.7563 19.3620 88.6820 
52.7462 81.4600 41.8800 60.4200 98.1600 40.5500 82.6900 54.9300 0.0000 44.5737 50.7537 49.9671 51.1037 85.6531 35.1104 58.6578 99.9271 62.0671 43.8071 18.1237 82.0231 44.5212 55.2831 50.3312 49.8031 49.2637 91.4331 37.6320 50.9213 66.6720 38.2668 15.7820 53.1356 45.7184 41.9352 82.6694 43.9956 95.3171 48.5403 85.1922 61.6348 103.9308 57.7208 34.3256 76.1922 35.4312 89.1466 41.4137 44.7048 63.2578 71.4822 
40.3312 72.3100 24.0800 64.5900 66.3500 60.2300 49.9700 83.5400 41.5600 0.0000 10.6786 59.4892 11.1112 49.3114 29.9492 84.6592 90.5206 57.4200 54.2492 27.9492 45.4814 62.9492 18.6514 44.7692 17.3614 5.3714 95.7406 30.0792 20.5792 25.4464 57.5892 30.7192 11.9416 21.5792 64.6692 70.5406 10.5006 87.3392 15.2192 58.5575 74.0092 103.2992 66.2892 12.8292 49.2975 32.4792 89.2192 4.6592 55.5912 88.1302 49.4264 
50.3112 81.0700 33.7300 74.4700 69.9300 69.9400 53.8200 92.8900 47.7900 9.9800 0.0000 69.4692 0.4326 55.8941 39.7900 92.9400 98.0200 67.0700 64.2292 35.5739 52.0441 72.6400 25.3806 54.7492 22.6400 13.5702 105.7206 27.8639 28.0454 31.7985 65.9300 38.9500 6.4239 31.5592 73.9500 77.8700 20.4806 97.3192 25.1992 65.5200 83.9892 113.2792 76.2692 20.7700 56.2600 42.4592 99.1992 14.6392 65.1166 97.5400 54.7050 
23.4300 42.0900 37.7100 15.9900 79.0800 9.6400 68.5300 31.7800 46.1700 58.7900 68.7300 0.0000 69.1626 76.0000 31.9248 43.5811 55.6582 20.9848 8.5624 49.5006 73.6900 11.6820 57.8600 15.4648 53.4900 62.1500 43.8986 69.9671 49.7100 66.7600 27.3745 51.2471 70.0404 41.9126 16.7885 43.5231 52.7700 51.1182 51.8000 68.4800 15.3195 55.1282 8.9182 51.2304 59.6900 30.7271 44.3382 58.7400 15.8400 47.0683 54.9900 
50.7112 81.3900 34.1100 74.8600 70.0200 70.3600 53.9200 93.3100 48.1400 10.3800 0.4200 69.1400 0.0000 55.4615 40.2100 93.3600 98.4400 67.4500 64.6292 35.8076 51.6115 73.0600 24.9480 55.1492 23.0600 13.9902 106.1206 28.0976 28.4654 32.2185 66.3500 39.3176 6.6576 31.9592 74.3700 78.2900 20.8806 97.7192 25.5992 65.0874 84.3892 113.6792 76.6692 21.1900 55.8274 42.8592 99.5992 15.0392 65.5366 97.9600 55.1250 
64.9550 56.9900 44.3000 69.0400 19.8000 81.7700 8.4700 106.3200 84.6300 48.8200 51.1400 74.7000 51.1800 0.0000 61.0370 115.1670 75.2496 64.8096 75.5470 72.5680 4.6970 85.7412 37.7880 67.8896 39.4946 47.6147 91.1200 78.2680 38.6229 38.4455 91.7510 74.6580 57.5639 55.3500 88.9185 57.2796 47.3280 73.2096 44.5947 21.2760 87.1735 94.1996 80.4696 57.3848 21.1996 64.6010 87.6074 53.4792 82.3874 119.1983 26.7574 
17.6358 55.9100 15.9400 39.5900 71.7700 30.8200 57.0100 54.3900 27.4300 29.4200 39.1200 30.2800 39.5400 60.2300 0.0000 57.3740 71.3958 35.5040 25.9940 23.4410 58.6880 34.1440 34.1480 18.4640 28.6780 32.6380 72.1440 41.6020 25.7980 43.6080 30.7140 24.0840 39.5745 10.6080 35.7540 52.7558 23.3624 67.1558 24.2834 59.2522 45.5995 81.0740 38.9640 24.8940 50.2522 3.5640 66.9158 27.6972 26.6760 59.2150 45.5422 
60.9939 80.9900 70.6100 54.2000 119.3400 31.8600 107.6400 14.4400 49.7100 84.1000 92.7600 40.7300 93.1600 112.9100 56.4200 0.0000 90.2600 56.3300 40.7200 66.6000 111.2539 32.1000 90.5680 50.9300 85.0980 88.9236 76.1700 83.1100 82.2180 100.0280 32.6300 62.9300 94.9600 67.0280 27.0600 82.7516 79.5743 88.4336 80.7034 106.0439 45.7236 87.4100 46.9375 76.7543 97.1338 55.4243 74.2900 84.1172 39.9358 4.6000 92.5539 
58.5984 17.1000 65.5700 35.3700 62.9400 60.3600 63.8300 72.5900 94.6900 89.0900 98.0100 51.3100 98.3300 72.3000 70.6800 86.0200 0.0000 40.9801 58.0101 92.9099 74.4804 60.4901 78.5254 58.3301 76.8054 87.4100 29.9801 109.3954 73.7554 84.0054 78.0945 92.7001 100.3854 73.8654 65.1801 21.2654 82.3814 6.5001 79.7272 64.1160 47.4902 24.2837 54.0872 90.1014 60.2678 74.2440 32.1893 88.3040 66.2608 90.6200 55.5578 
24.7050 27.3600 33.3400 7.6400 64.8900 24.9800 55.8200 45.9500 55.6700 57.0800 66.9300 15.4300 67.3200 62.7500 33.0100 55.9900 39.0400 0.0000 23.1902 56.4510 67.4470 27.1120 56.1020 25.3315 51.1420 58.7960 41.1910 74.6120 47.3620 64.7351 42.7145 57.0940 69.0216 43.6180 32.1285 26.4216 52.4240 42.7552 48.2560 63.3364 25.7735 48.5904 18.2390 56.8350 54.0764 36.5740 34.2210 56.0740 31.2700 59.7213 51.8364 
21.2695 45.6000 33.6900 20.8400 78.9500 8.7300 67.3900 33.5000 40.1900 53.6200 63.5000 6.1600 63.9200 73.0500 24.6500 40.4200 56.1200 18.2600 0.0000 46.2160 71.5295 11.1150 55.6995 15.0804 51.3295 55.3802 50.0586 66.2520 47.5495 64.5995 23.5400 45.1732 63.4502 33.3502 15.8785 44.6816 45.8286 51.5100 47.0256 66.3195 21.4795 61.2882 15.0782 45.8640 57.5295 28.2140 49.5666 50.4394 8.6832 45.0200 52.8295 
38.9458 77.0900 31.5900 60.1700 86.5100 45.7400 70.5300 64.8800 15.2300 26.4500 32.6300 48.5300 32.9800 71.5500 21.3100 62.1200 91.9900 54.0100 42.4000 0.0000 69.5500 49.5605 41.8400 39.0805 38.3100 31.1400 92.2105 25.1100 38.2350 48.6800 36.9605 4.2205 36.5900 30.5052 52.8885 74.0658 28.2550 88.4658 33.2950 74.9022 63.8495 102.3840 57.4482 18.5850 65.9022 24.8740 88.2258 23.2900 47.9860 66.7200 61.1922 
61.9150 57.2900 41.2600 67.8500 23.3200 79.5600 9.8700 104.2400 81.1800 45.0100 47.3000 72.7700 47.3500 3.8500 57.1500 110.4700 73.0200 61.3300 70.8500 67.9400 0.0000 81.9650 37.1850 68.4359 34.7976 42.9177 91.0756 75.0359 33.9259 33.7485 87.8640 70.9009 53.7239 50.9387 86.7085 56.1156 44.9777 74.6096 39.8977 23.3120 84.4865 93.4856 79.5690 55.0345 22.5996 60.7140 87.4792 49.6692 79.5332 115.0700 26.6292 
31.0195 50.4900 43.3300 23.8300 87.6700 2.7200 76.6800 23.8100 43.2500 62.3900 72.1500 8.8500 72.5700 82.5500 33.0300 31.9100 58.5400 24.2500 9.7500 48.3800 80.4300 0.0000 64.4675 21.3675 61.0795 65.1302 48.9436 69.4963 57.2995 74.3495 20.4545 48.0263 72.6045 43.1002 6.7536 50.6716 55.5786 57.0375 56.7756 76.0695 17.1136 61.0475 14.8375 54.3563 67.2795 33.1363 50.2575 60.1894 11.5363 36.5100 62.5795 
40.2831 60.2200 20.0200 58.8200 48.5900 61.7400 32.2000 86.5000 54.4500 17.7600 22.8900 57.5500 23.1000 31.4900 33.6800 89.9200 77.3100 51.2200 53.7000 40.5300 27.7500 63.3500 0.0000 45.3476 7.9460 17.2640 91.2376 46.7354 10.8376 11.6266 64.3054 43.0354 28.0675 24.5254 68.0468 64.3854 16.0654 78.7320 10.9854 40.1394 72.4812 99.8104 66.4682 26.1222 30.8794 37.2440 84.9060 22.4192 57.2268 92.8950 36.4372 
15.3265 43.2200 23.1100 23.3800 70.3300 19.0300 57.8800 43.9600 38.4300 44.0200 53.9800 14.8700 54.4000 63.1100 16.4600 49.8300 56.3400 17.4700 10.6200 36.8000 60.7500 20.3500 43.1000 0.0000 40.9120 48.0428 58.6610 58.0620 37.1320 54.7266 29.2248 40.5440 55.9616 27.0680 26.1785 39.8100 39.8224 60.2252 37.5028 58.2088 30.1895 66.0604 23.7882 41.3540 49.2088 20.0240 51.6910 44.1572 16.9617 54.4300 44.4988 
32.7654 58.6600 15.1300 55.0800 51.9400 56.6500 35.6000 81.3200 49.3100 15.3900 22.6400 52.8300 22.9300 35.8500 28.2200 84.5200 75.6900 47.4400 48.7500 35.7300 32.2200 58.3400 5.4800 38.2200 0.0000 16.4866 85.8054 41.6966 5.4054 17.1066 58.4921 37.9966 27.3316 18.6121 63.5466 61.6494 11.0266 77.1720 5.9466 45.6194 68.1495 96.0304 61.5354 21.0834 36.3594 31.7840 81.6610 17.7762 54.8960 87.4350 32.0650 
44.1750 70.3100 23.5200 64.4700 61.7300 62.0800 45.3700 85.9000 46.0400 5.0200 10.7700 59.8900 11.0800 43.9400 31.5200 87.1800 87.2500 56.8600 55.0300 31.0700 40.1100 64.1200 13.2800 45.0200 11.9900 0.0000 95.5624 33.4848 17.3954 20.0750 60.8824 34.8520 15.1725 22.2424 66.4524 70.3624 10.3224 87.9352 14.5452 53.4194 74.2200 105.4504 68.8082 16.9620 44.1594 35.0840 91.0810 8.7920 58.1960 90.7350 44.0550 
57.6903 34.1300 70.7400 30.5500 84.6800 49.2000 82.0300 53.2600 88.7700 94.7000 104.4600 42.6200 104.8400 90.2600 70.0600 67.5800 25.4900 37.7500 48.6800 90.2600 90.1100 46.7000 87.0700 53.6800 83.9900 94.1800 0.0000 110.1775 82.8120 97.2468 66.9345 89.3275 106.2732 76.6803 52.5775 38.2954 86.8132 29.5168 86.0060 77.6368 38.1568 15.2280 36.1075 89.8203 73.9768 72.3968 10.0368 93.0003 57.3632 72.1800 72.5878 
55.4558 91.6200 43.0100 77.4100 92.1200 64.3200 75.7300 83.0000 29.5500 25.8600 25.8100 66.7600 25.9900 74.6500 37.8200 79.0900 107.4100 70.7700 60.6700 18.6000 70.8300 66.9600 43.5600 54.1400 40.4300 30.7200 107.8200 0.0000 41.8288 48.6900 55.5605 22.8205 23.7984 38.3832 68.7628 90.5758 31.5588 104.9758 37.2510 81.4710 82.0795 118.8940 75.6782 26.3235 73.1326 41.3840 104.7358 26.6910 62.0172 83.6900 71.7166 
32.0550 55.6800 11.4000 51.3600 52.1200 53.0400 35.9600 77.7800 47.5900 17.1900 25.4000 49.0900 25.7100 37.0800 25.1700 81.2500 72.6400 43.7200 45.0700 34.6400 33.5900 54.6900 8.7400 34.5100 3.7800 14.6300 80.4000 41.1100 0.0000 20.3666 55.8840 36.9750 28.1718 17.0128 60.1885 59.3137 11.0518 74.1920 5.9718 40.5638 64.4095 92.3104 58.0082 21.1086 31.3038 28.7340 77.9410 17.8014 51.4717 84.3850 35.8450 
47.7154 65.4300 29.4000 66.8900 45.4400 71.1300 29.6100 95.9400 62.8900 23.2700 24.6500 66.6400 24.7000 26.4900 43.1700 99.4500 82.4400 59.3900 62.9900 48.4500 22.6500 72.6800 9.5300 52.3800 14.9500 18.2500 94.1800 48.6900 18.2400 0.0000 73.4421 52.5654 31.0739 33.5621 77.5768 66.3740 25.5954 82.7740 20.5154 43.0520 81.9595 103.3640 75.5582 35.2120 37.4640 46.6446 93.6040 27.0420 66.7568 102.2956 32.7540 
42.3865 67.0000 44.6900 41.5600 97.1300 16.8900 83.9200 28.6700 26.7600 57.0400 65.8200 25.5700 66.2300 88.3300 29.7000 27.0700 76.8800 39.6600 21.4000 36.3200 85.5700 19.2200 63.3700 27.0600 57.9200 60.1100 65.8700 54.3400 54.8100 72.8700 0.0000 38.9606 68.9816 40.3080 22.9248 64.2076 53.0624 72.9100 53.3200 84.5276 36.3336 79.3776 33.2976 54.5940 76.0176 33.2640 63.8976 57.3972 15.6876 31.6700 71.5588 
37.8058 76.0800 32.0700 58.1400 87.7200 42.6700 71.9000 61.3500 12.1400 29.4300 36.0400 45.9400 36.4100 73.3100 20.1700 58.4600 90.6100 52.2500 39.7800 3.6700 69.7700 45.3400 42.6500 34.8600 37.6600 33.9000 87.9900 21.8500 36.2500 50.8900 32.7400 0.0000 37.3536 30.7780 49.8185 72.9258 28.2136 87.3258 33.2536 75.3822 61.2595 100.8404 54.8582 18.5436 66.3822 23.7340 86.4710 26.9600 46.8460 63.0600 61.6722 
50.4512 82.4000 34.1400 74.3600 73.5300 68.3500 57.3100 90.7900 44.1800 10.1200 4.3700 67.7200 4.5600 54.9800 37.6900 90.0800 99.2000 66.9100 62.3000 29.1500 51.1400 70.6500 25.7500 53.1500 24.6800 12.7500 104.6000 21.4400 27.0000 28.5100 63.3000 32.6600 0.0000 31.6992 73.3067 80.6606 20.6206 97.4592 25.3392 65.8894 83.0395 112.9584 76.4092 20.1267 56.6294 41.2540 99.3392 14.7792 64.3660 94.6800 56.7450 
25.6365 56.0800 8.5000 44.4200 64.4400 40.1000 48.9700 64.2200 33.7400 20.7800 30.7500 38.0400 31.1600 51.3500 10.2000 66.6200 72.0300 37.1000 33.0200 23.1100 48.0800 42.0900 23.5400 23.2400 18.0700 22.0300 74.8500 35.5400 15.1900 33.0000 39.8800 23.6000 30.1000 0.0000 45.3843 60.2454 12.7544 74.5920 13.6754 50.3600 53.3595 85.6904 46.9582 16.2360 42.8122 13.1943 71.3210 17.0892 36.3063 68.8453 38.1022 
34.9295 55.4900 46.3700 28.7600 92.3400 4.9300 81.0300 20.1900 41.5200 64.1500 73.7500 13.8400 74.1700 86.6900 34.7600 27.0600 63.2000 29.2700 13.6600 48.1800 84.4700 5.0400 66.3300 23.8700 61.1900 66.2100 50.2000 66.7600 57.6100 75.7600 15.9200 44.9400 71.9700 44.3300 0.0000 55.6916 57.0844 62.0775 58.0054 79.3338 22.1536 65.4280 19.8775 55.6958 70.0738 34.4758 55.2975 61.4192 12.8758 30.2798 66.4895 
41.7928 3.5300 45.7400 24.3700 50.2900 48.8400 47.1600 66.8800 77.9900 69.0300 77.8700 39.2100 78.1900 55.4700 52.3900 78.5700 20.1500 24.2400 42.5000 73.5700 55.5600 47.7300 57.2600 39.8100 55.5400 67.1100 34.9600 88.1300 52.4900 62.7400 63.9000 72.5500 79.1200 52.6000 52.7500 0.0000 63.5418 20.5814 58.4618 46.4100 42.5035 37.3700 42.4790 68.8360 39.0024 55.9540 33.5322 68.4740 51.1832 83.0298 34.2924 
35.3350 63.3800 14.6800 55.1600 62.2300 51.9700 45.9600 75.8900 39.1800 9.4600 19.3200 49.8600 19.7100 46.4000 21.5100 77.5600 80.0200 47.6300 44.9300 25.2400 42.7500 54.0000 15.3300 35.0100 10.5500 10.1200 85.2400 30.9400 10.2700 23.8100 50.5600 27.3300 19.4600 11.9200 56.1300 60.0400 0.0000 80.6214 7.4676 50.8338 65.1795 96.2204 58.7782 10.0568 41.5738 25.0740 81.8510 6.7496 48.1860 80.7250 41.9332 
56.7550 14.2400 61.6900 30.7600 62.5900 55.7900 62.3000 68.4700 90.1500 85.3800 94.4200 46.7100 94.7600 70.7500 66.3300 81.7600 4.6100 34.4800 51.5100 87.6300 71.2500 53.9900 74.1000 51.8300 72.2500 83.6900 23.4800 103.2400 69.1100 79.5800 72.2800 86.2000 95.4900 67.9500 58.6800 16.8700 76.2200 0.0000 75.0818 59.3739 48.6894 27.6608 49.4772 84.1860 55.8724 69.8940 27.8564 82.9696 60.1932 86.3600 51.1624 
33.1929 60.2100 13.0800 54.0200 57.1600 53.2300 40.8900 77.6100 43.7300 12.1700 21.0900 50.2100 21.4500 41.4200 23.7100 80.1300 77.0400 46.4000 45.7000 30.1400 37.8100 55.0800 10.7700 35.3800 5.6100 10.5400 83.6500 35.7500 5.3800 19.8500 53.3200 32.0500 22.2000 13.5400 57.6000 56.9400 5.0800 73.3900 0.0000 45.0056 65.5295 93.0090 59.1282 15.1368 36.6838 26.7343 80.6210 11.8296 49.8463 82.3853 34.4656 
62.7150 40.1000 42.0600 55.8700 14.9900 72.6600 9.4000 96.1100 83.9200 54.9200 60.0100 64.4100 60.1600 17.7300 57.1800 104.4800 54.8000 50.6200 64.0700 72.9400 19.2200 72.9100 37.4300 55.3500 39.7900 50.7000 73.9600 80.2000 39.2800 36.7900 82.1400 73.8800 63.1400 50.3600 77.5200 39.0000 49.5500 53.4900 44.5600 0.0000 74.0035 76.3700 68.8590 59.6068 13.5196 60.7440 72.5322 56.2996 72.3117 107.7998 17.4117 
38.0200 42.7600 51.5700 17.2700 86.7900 17.9400 78.2400 26.2900 58.4300 73.2900 83.2400 14.5900 83.6500 85.1500 44.8600 39.0800 47.0200 22.4300 20.3700 62.5000 83.6500 15.2800 71.0600 29.2700 66.6000 74.2200 31.8300 80.9200 62.8200 79.8800 34.1800 59.6900 82.3000 52.5100 18.3900 40.7700 64.2600 42.7100 64.3400 72.8200 0.0000 47.0580 11.0320 65.8204 70.1226 45.3171 41.3364 69.5992 26.7563 43.6800 65.4126 
68.9703 35.1300 77.7200 39.2900 84.1300 59.9200 83.6800 64.4600 98.8900 101.8000 111.3500 52.7800 111.7100 92.1000 78.7700 78.8200 21.4900 45.8400 58.7000 99.4500 92.4200 57.5000 92.6100 62.6700 90.0500 100.8300 11.2800 116.5800 86.6100 98.9900 76.7100 97.3900 111.8400 82.6300 61.2000 37.0000 92.3800 21.6100 90.3000 75.0100 42.8800 0.0000 47.3875 98.8660 73.7300 79.0602 19.0650 99.1296 67.3832 83.4200 71.2924 
30.7400 39.6600 43.6800 12.8200 80.7500 13.9600 71.4200 30.3200 53.0800 65.5300 75.5000 7.3100 75.9100 78.0900 37.4200 41.3800 46.7400 15.8600 13.4500 55.8400 76.4400 11.8700 63.2000 21.5200 58.7200 66.3900 35.7500 74.0700 54.9400 72.0600 30.8400 53.2200 74.6400 44.7500 16.4700 37.1800 56.4500 42.2000 56.4700 66.4600 7.8800 46.2100 0.0000 58.5404 66.1196 38.0371 35.4200 61.8392 22.1332 45.9800 61.4096 
36.6558 69.0400 20.1400 57.2100 71.7700 49.5500 55.5600 72.1400 30.2600 12.0600 20.7700 49.2600 21.1800 56.0600 19.0200 72.1700 85.1600 50.0500 43.6800 15.7500 52.4000 51.8700 24.8300 34.9800 20.2200 15.9700 87.7400 22.8900 19.6500 32.7400 45.1600 18.1800 18.8100 13.2000 53.1800 65.5900 9.6700 81.1100 14.7100 58.8000 63.8500 95.7300 56.3200 0.0000 50.4899 22.1832 82.7832 9.6406 45.2952 76.7700 49.1756 
50.7640 37.9200 32.8200 49.5300 24.0000 64.4700 12.2400 88.3900 74.6700 46.9500 52.8600 56.6100 53.0500 19.8500 47.9200 96.1900 54.0500 43.6100 55.8000 63.8600 19.5200 64.9100 29.9800 46.6900 31.6000 43.0200 70.6000 71.7800 30.6900 31.1700 73.2700 64.7100 55.6800 41.1600 69.3800 36.0800 40.9300 52.0100 36.0400 9.2600 66.0300 73.0000 59.2700 49.9900 0.0000 50.6178 66.4078 47.6796 61.1878 99.5278 5.5578 
20.2758 55.7000 18.0700 38.2500 73.4500 28.3200 58.9000 51.7600 26.6400 31.9600 41.6200 28.1900 42.0400 62.3500 2.6400 53.8100 70.0900 31.9400 22.4300 22.0800 59.3300 30.5800 36.2300 14.9000 30.7800 34.1400 68.5800 39.2400 27.6700 45.7300 27.1500 20.5200 40.0800 12.8100 32.1900 52.1800 24.1500 65.6800 26.3300 58.7500 42.7300 77.5100 35.4000 21.3300 49.5200 0.0000 66.1610 29.8992 23.1120 55.6510 47.6722 
55.8150 28.1900 63.9000 24.1400 78.7600 44.6200 75.5000 51.7300 83.3900 87.9000 97.6300 37.2900 98.0100 83.6700 63.7300 65.7600 22.5100 31.1100 43.2000 84.1900 83.4200 42.2700 80.1000 47.4600 77.0500 87.3100 6.9700 101.5400 73.4700 87.2100 61.4800 82.0400 97.8400 68.1900 46.1800 28.6600 78.4400 19.4800 76.7700 67.6000 28.1200 15.5000 30.8000 81.1600 63.9400 62.3600 0.0000 85.1896 51.8832 70.3600 62.9524 
37.0755 69.8700 21.0500 61.0600 66.8500 56.1100 50.4700 79.3800 38.1900 4.1600 13.9200 54.8300 14.3300 50.0200 25.2900 80.0000 86.4900 53.6100 49.5900 23.2900 46.2600 58.2900 18.5500 40.1100 15.0200 7.8500 91.3100 25.4200 15.9200 25.3900 52.9300 26.0600 13.3000 16.9200 60.0100 66.5200 6.4900 82.6800 10.5600 54.7800 69.3500 98.6400 61.6300 8.1700 46.4500 27.8200 84.5600 0.0000 50.9320 83.4710 45.0256 
27.2995 51.6300 35.6500 26.6300 83.7900 6.7300 71.6400 30.9400 35.4800 53.5300 63.2200 11.0000 63.6400 76.9000 24.1200 36.0300 61.9800 24.2800 6.0300 39.4200 74.5000 9.1400 55.5600 13.7900 50.3900 55.4600 53.3500 57.9600 46.8400 65.0200 15.3800 36.4900 61.6200 33.5300 10.8200 48.5200 45.3600 57.3700 46.7800 68.8400 23.3000 63.6900 17.6100 42.8200 60.3300 21.6000 48.2100 49.4100 0.0000 40.6300 58.2888 
64.3195 84.4800 72.2700 57.6400 121.9900 34.6500 109.9800 18.4400 48.9800 84.7600 93.1900 43.7800 93.5900 115.0500 57.6800 4.0000 89.8200 59.1300 43.0500 62.0000 112.5200 34.9300 91.3200 52.1000 85.8800 88.0100 71.5700 78.5100 82.7000 100.8300 28.0300 58.3300 90.3600 67.8800 29.9800 81.9900 78.5600 85.5400 81.3400 107.0800 42.8300 82.8100 44.8300 72.7600 98.6700 55.1000 69.6900 80.6900 38.3500 0.0000 95.8795 
45.4464 35.8000 28.7400 45.4100 28.6100 59.8000 16.5900 83.8000 70.4800 44.5200 51.1100 52.0200 51.3300 23.6400 43.5400 91.5000 52.4100 39.2700 51.1200 60.0700 22.7600 60.2700 28.2800 41.9800 29.1500 40.9100 67.6100 68.8100 27.7600 30.9000 68.5900 60.7700 53.6500 37.1700 64.7100 33.6200 37.8700 50.0200 33.1400 13.7100 61.7100 70.6100 54.8300 46.6400 4.7100 45.0600 60.8500 43.6700 55.6300 93.9700 0.0000 
~
Delivery quantities;
23.33	46.76	51.22	23.34	36.44	89.70	97.80	57.36	37.46	67.77	13.42	70.43	20.30	17.28	61.36	29.17	70.54	14.22	94.56	87.96	1.98	36.41	13.69	46.23	88.94	55.99	32.13	57.57	75.23	86.79	68.02	37.98	96.69	67.94	66.74	32.13	50.24	9.76	33.35	70.43	42.28	58.24	15.97	61.69	93.81	25.62	56.68	52.46	44.17	8.42
~
Pick-up quantities;
25.03	38.10	48.24	16.95	46.80	117.94	106.14	82.98	34.05	53.24	15.47	56.15	30.40	9.63	60.72	25.27	52.09	18.39	129.69	92.78	1.61	47.12	14.21	58.24	112.70	37.06	17.16	41.62	104.93	103.27	79.78	46.14	132.54	80.92	81.91	17.49	47.04	12.38	48.12	69.15	33.19	50.08	18.46	71.53	50.06	26.49	84.50	62.57	39.74	7.68
~
Vehicle capacity; 
312.25	312.25	312.25	312.25	312.25	312.25	312.25	312.25	312.25	~


