Cost matrix;
0 44.8200 47.5300 42.6000 45.1700 7.2600 45.3000 61.7000 19.3900 63.4100 43.2200 38.6700 50.4500 28.2400 47.9900 33.1000 9.4800 30.6800 13.9500 55.1200 19.3300 48.3900 33.5800 44.1800 25.0100 35.5800 24.7900 26.0700 1.2300 38.4300 51.8600 46.3800 35.1700 41.9800 46.0500 44.8900 59.2600 44.8900 48.2300 50.8400 3.8200 61.1000 49.9900 38.8800 48.9000 9.3700 45.5800 13.9300 55.5800 45.9200 35.9200 
47.6938 0.0000 81.1900 80.3206 79.1406 46.9006 25.3206 79.3000 65.7706 25.4106 54.4006 42.7106 78.5300 70.1906 75.5600 77.0906 37.3606 59.2971 34.8495 73.6400 46.0006 31.8806 80.0006 58.2906 67.6106 43.9500 60.8400 72.6306 46.5606 13.8806 98.4406 6.8606 34.8606 29.9706 66.0510 35.6206 23.3295 91.3306 90.4106 48.1206 43.3506 88.2406 86.0480 63.8206 94.7806 55.0006 0.9906 49.5624 84.0524 74.1286 50.1352 
50.6907 81.1900 0.0000 78.9680 85.3180 56.5970 92.0300 106.6730 49.8080 104.9800 42.9225 88.6070 89.1830 64.8780 91.1505 61.9080 56.2792 22.5600 53.7670 102.2070 42.0370 66.0142 41.5980 38.9225 62.5680 85.4970 25.1570 44.6980 51.8237 86.2269 51.1080 83.7142 85.8607 61.7542 95.9980 59.6942 104.5195 43.8080 74.0180 56.8944 53.0469 100.5254 4.8580 27.5940 63.1395 60.0607 82.1806 64.6207 94.7054 20.7625 45.4642 
47.9073 78.5800 73.4100 0.0000 9.4500 39.9645 74.6546 35.8772 34.9036 89.4950 88.9850 54.3746 18.3872 23.0140 20.0146 18.5436 53.6409 71.7950 58.6500 33.8140 65.3400 93.1100 45.4368 88.9850 23.4250 49.1046 61.6321 37.4868 46.2960 80.6505 48.2527 85.4406 60.3713 86.7100 33.3058 89.7000 84.9150 51.9826 18.9126 95.9800 48.5100 28.3814 78.2680 82.9277 35.4627 41.8020 79.5706 43.8405 23.9096 87.2581 83.1296 
48.7018 77.4200 79.5700 7.5600 0.0000 41.0505 65.2046 28.2146 40.0620 86.9146 89.0100 44.9246 12.6500 29.9860 10.5646 26.1036 49.1405 73.7892 57.9905 24.7106 65.3500 92.0505 52.9968 90.2500 30.9850 39.6546 65.1630 45.0468 47.0905 71.2005 54.6056 83.9305 50.9213 85.8005 23.8558 89.6605 83.2596 56.9356 23.8656 95.9900 48.5200 18.9314 84.4280 83.2384 41.9802 39.8984 78.4106 34.3905 15.5502 89.2523 83.1396 
7.9428 45.1300 53.9000 37.3500 39.1100 0.0000 48.7606 56.6696 22.7672 67.4520 50.7215 36.7106 47.1606 26.4843 44.4906 32.8743 13.6764 38.2215 20.8815 50.7206 26.8515 54.0032 38.3172 51.7115 23.1843 32.7006 32.2215 30.4072 6.3315 46.2006 55.2930 51.9906 35.5006 47.5932 41.5506 52.8328 63.2478 49.3772 48.0307 58.7828 11.7628 57.7806 57.9328 46.8228 51.7172 11.8272 46.1206 9.3906 52.6830 53.6846 43.8628 
49.7328 23.9800 90.4400 65.9300 62.7600 41.7900 0.0000 61.5872 64.5572 23.4697 75.7756 23.5872 65.4545 65.6596 62.9441 72.0496 43.0346 71.1292 41.5792 57.0840 56.5448 55.8606 80.1072 79.2056 62.3596 31.3341 73.7624 72.1972 48.1215 18.6456 95.5740 30.8406 22.7225 53.9506 53.4351 59.6006 18.8897 91.1672 84.8426 72.1006 50.3066 73.3968 95.2980 78.3536 90.5424 53.6172 24.9706 49.9999 70.9769 86.5923 66.9604 
62.2213 79.0800 103.5000 35.1500 27.5900 54.4900 58.1400 0.0000 60.7648 80.7748 104.5100 39.8148 20.2884 46.7048 19.8348 52.5148 61.6548 92.1248 70.7148 6.9748 80.8400 103.1940 75.8248 105.7400 50.9948 36.7640 85.6900 70.3988 60.6100 70.1295 82.1956 85.9406 49.8064 99.3200 20.1131 103.1800 77.0297 83.3830 51.4556 110.7600 64.0300 18.9125 108.3580 100.7000 69.5702 60.8700 80.0706 47.9100 18.8730 107.5879 98.1413 
22.2088 64.0100 43.6700 31.1100 36.4200 19.7800 61.3300 59.9200 0.0000 83.6075 57.7985 54.8202 44.8901 16.4401 43.4201 19.3048 29.8675 37.4085 34.9584 54.5501 34.6573 69.4184 18.5760 56.3285 13.1401 50.7802 26.7285 10.6260 20.5975 60.2702 41.4060 67.7384 53.1002 63.0184 47.0256 64.9775 80.2197 32.8560 35.3868 67.2590 24.8184 55.3514 48.5280 48.5412 34.9280 14.5502 65.0006 29.1706 50.4125 52.8716 55.7173 
65.2970 24.7800 104.6200 87.8200 84.6000 61.3200 21.9000 77.7800 81.1100 0.0000 79.1806 43.1038 82.1338 81.8838 79.2238 89.6638 54.9638 84.0771 56.0238 74.6738 69.2138 56.6606 97.3938 83.0706 80.0038 47.8338 84.6238 89.5438 63.9138 26.3238 114.6238 31.6406 37.6638 54.7506 67.4238 60.4006 5.0838 110.1870 104.8502 72.9006 62.2358 92.1836 109.4780 88.6006 110.9454 72.9582 25.7706 62.8454 87.6562 98.9086 74.6386 
48.6341 53.0400 37.8200 84.2300 87.8400 50.1700 70.2100 104.4100 54.5000 77.8200 0.0000 76.5000 96.3188 68.8600 94.1488 73.8048 49.7348 23.7925 40.7148 100.7643 29.7125 28.5500 61.5900 4.8025 65.5600 79.1148 34.9400 60.0000 47.8843 60.9548 77.6100 51.5900 72.9948 27.8300 91.5143 22.0300 76.3695 69.1300 89.8868 19.2081 43.3243 106.7714 41.5200 16.1700 83.4363 52.2288 54.0306 59.5606 101.7640 26.2313 15.3748 
38.6700 41.1400 86.2000 46.4500 42.4300 32.5400 21.0600 38.0000 49.2700 42.4800 75.0000 0.0000 42.3269 46.0569 39.3569 54.1269 38.5969 69.3500 46.1346 33.4968 57.6330 69.3446 67.8460 79.8025 45.2769 7.7469 63.4600 59.8960 38.8715 32.6746 82.7517 48.0006 11.6946 71.1106 29.8479 73.0491 39.9497 81.4443 65.3626 87.9241 40.8030 52.6264 88.6600 77.5500 78.9609 43.8943 42.1306 33.8541 47.8493 84.5900 74.5900 
51.6628 77.3000 88.3000 17.6800 10.1200 43.7200 60.0500 17.4900 44.7200 81.4800 93.6500 39.0400 0.0000 31.3418 3.2118 36.2236 56.2970 79.7118 62.5668 15.4584 70.5715 97.6305 59.0868 95.4315 35.6318 36.4023 71.3918 55.0358 50.0515 68.7538 64.7256 84.1606 47.7738 91.2205 16.5030 94.1320 78.9397 67.0556 33.9856 102.5028 55.4828 11.3424 93.1580 88.3118 52.1002 44.9718 78.2906 41.5470 5.5224 94.7648 87.5828 
31.5509 68.4300 59.0000 15.5500 20.6800 24.2200 59.9700 45.4800 15.7700 81.3500 68.8200 43.4700 29.3800 0.0000 30.9430 8.7264 35.9600 52.6600 43.0500 44.8384 46.5500 77.6800 29.1200 69.8500 4.2900 42.1410 42.4985 23.6940 30.5515 62.2825 39.5888 75.0125 51.5825 71.7037 42.0144 76.4409 78.3360 38.1672 23.1198 81.8170 35.3709 39.6114 63.8580 63.7927 32.9040 22.6670 69.4206 25.4725 34.9024 68.1231 67.4709 
48.9498 74.2800 86.8100 17.8700 10.4600 41.1600 57.1000 17.6500 43.1500 78.5800 91.2100 36.1200 3.0300 28.1300 0.0000 36.4136 54.8364 79.3815 62.0415 14.1460 68.0115 95.1632 57.2500 92.8715 32.4200 33.1905 69.8785 51.8240 47.4915 65.5420 65.0656 81.1406 44.5620 88.7532 13.2912 90.9202 75.9897 66.2972 34.3256 99.7898 52.7698 13.7093 91.6680 87.8298 52.4402 48.0018 75.2706 44.5770 8.5524 94.8446 84.8698 
33.4310 75.3200 56.4800 17.1700 24.0800 30.4000 67.8700 50.8300 16.3600 89.1100 70.8600 51.5500 33.8300 8.0800 33.1800 0.0000 42.1322 53.7685 47.3810 47.3260 51.0022 81.8210 26.8932 72.6885 11.5311 47.3076 43.0885 18.9432 33.3322 70.1722 39.7123 79.6822 59.6625 75.4110 40.6400 78.3210 86.4160 34.5670 21.5142 83.6022 37.2510 43.0114 61.3380 64.9012 29.0100 24.4522 76.3106 33.5525 39.3524 69.0620 69.3510 
10.3332 35.6000 54.6400 47.5300 48.7500 10.4400 36.4700 61.2000 28.4100 53.9900 43.6000 32.8800 52.3600 34.6500 49.6100 40.6400 0.0000 36.7920 10.8960 55.2268 21.6750 45.9597 43.9132 48.4025 33.6243 38.9450 32.1920 36.4032 11.5632 37.3584 62.1932 39.0728 39.1720 39.5497 47.7950 45.2400 55.3597 55.2232 57.7698 54.7420 7.2720 63.3193 57.9975 47.8912 59.2332 19.7032 36.5906 15.6350 57.8824 52.2551 41.8916 
40.6993 58.7100 22.5600 67.0100 71.6400 37.8800 69.4700 91.6800 36.1000 82.4200 20.7900 68.1900 78.7400 51.4800 76.6500 52.1500 35.3800 0.0000 35.6014 88.6006 21.2114 47.0789 42.0310 24.1327 49.2401 70.5806 15.1656 46.7260 41.7759 63.6669 65.4233 64.3196 71.4725 46.3589 79.4306 40.5589 82.0395 56.8733 69.9088 39.9981 38.2097 90.0824 27.4180 11.1327 63.8773 47.9412 59.7006 47.2706 84.2624 15.4631 30.3468 
14.3685 33.1900 50.6400 55.6600 57.3700 18.3500 39.9800 70.2400 32.9200 54.6300 34.9500 40.3600 61.3400 41.9100 58.6300 47.0500 9.0800 29.5500 0.0000 64.3068 14.9656 35.0637 47.9485 39.7525 39.3785 46.3862 32.1832 40.4385 15.5985 33.3088 65.5200 40.0506 39.2616 28.6537 56.8750 34.3440 51.9588 56.9700 62.5985 46.8637 11.8638 72.3393 55.4980 37.7790 63.2685 23.7385 34.1806 24.7150 66.8624 45.0131 32.6886 
55.6413 73.6300 97.2700 30.7300 23.3000 47.9100 53.4800 6.5800 53.7900 73.8000 97.8500 32.8400 13.6800 39.7300 12.8600 45.5400 54.6800 85.1500 63.7400 0.0000 74.2600 97.3076 68.8500 99.1600 44.0200 30.8776 79.1100 63.4240 54.0300 64.9000 77.9056 80.4906 43.9200 92.3937 13.1383 96.6000 72.3697 77.8972 47.1656 104.1800 57.4500 19.1296 102.1280 94.1200 65.2802 54.2900 74.6206 41.3300 16.0797 100.6131 91.5613 
22.3081 44.3800 37.0900 60.7500 64.0400 26.3900 54.2200 80.8400 32.3900 67.5300 23.9100 54.0500 69.7300 45.5500 67.3100 48.5400 21.2500 15.2600 14.3900 74.2600 0.0000 36.8402 44.9376 28.7125 44.9752 53.2183 17.2176 41.6052 20.7252 47.6988 68.3299 44.6093 51.6183 36.1202 65.1883 30.3202 66.3488 59.7799 67.7768 36.1100 16.9983 81.0193 41.9480 26.3927 66.7839 30.4044 45.3706 35.2139 75.2524 30.7231 21.0600 
49.1085 30.8600 64.5700 90.3600 91.7000 53.0100 53.3200 101.0800 66.0600 54.2200 28.4700 65.4800 94.7100 76.5900 91.8400 81.2800 42.9700 43.4500 34.7400 94.8800 35.1700 0.0000 78.1428 33.2725 74.1185 70.5327 52.2628 72.9628 50.3385 44.7406 96.7628 33.5027 62.2027 9.4227 90.7650 7.4328 54.1895 89.5274 97.3385 22.3078 46.6038 105.5493 69.4280 44.5974 98.0085 58.4785 31.8506 58.6050 100.2324 52.5074 21.9474 
38.1888 78.2600 36.6400 38.2000 45.1100 35.4400 77.1800 71.3800 15.9800 96.5900 58.8000 65.0600 54.7100 26.0600 53.8400 21.0600 43.0200 38.2100 45.7100 65.7500 40.7400 75.8900 0.0000 62.3427 28.4175 62.6375 35.1175 9.9375 36.5775 73.2630 23.3923 80.3030 68.0410 74.3637 61.7000 71.0602 94.3130 14.8423 33.1194 76.8500 37.3830 64.0414 41.4980 49.3427 21.8463 30.5302 79.2506 41.9310 60.2324 51.2409 61.8000 
47.2181 56.9200 34.1500 84.2900 88.2200 51.2900 73.4700 105.7400 54.0400 81.6900 4.2500 77.3800 94.4100 68.7900 92.0500 70.3500 45.4200 18.9900 37.0800 99.1600 24.9100 32.7200 57.2000 0.0000 67.1801 78.1283 34.1556 61.1200 45.6352 61.7344 78.7300 54.4044 73.7744 32.0800 90.0983 26.2800 80.1844 70.2500 88.8988 23.4581 41.9083 105.7524 39.0080 17.2900 79.0463 55.3144 57.9106 60.1239 99.9324 21.4288 16.1544 
27.2609 65.8400 56.5600 18.7400 23.4800 21.2700 58.2800 47.3500 13.0100 79.4500 65.5600 42.5900 31.7500 3.3000 30.2800 9.6900 31.6700 48.3700 38.7600 41.4100 42.2600 73.3900 24.8300 65.5600 0.0000 45.4410 39.7385 19.4040 27.2570 60.3125 37.4748 70.7428 49.6125 67.4137 37.7244 72.1509 77.1697 39.6723 24.8464 77.5270 31.0809 42.4114 61.4180 59.5027 36.2040 18.3770 66.8306 23.5025 37.2724 63.8331 63.1809 
36.9628 43.9500 82.9100 41.2400 37.4100 29.0200 25.5500 35.3500 44.7500 47.2600 73.9000 5.2700 34.5800 38.3100 31.6100 46.3800 30.8500 65.7300 38.9800 29.6900 52.0900 66.4300 60.4100 76.0300 37.5300 0.0000 61.1400 55.3760 35.3515 34.0224 75.0048 50.8106 13.0424 67.6337 22.1010 72.8750 43.6050 75.0572 60.1526 83.6900 36.2200 45.3193 86.9455 75.8428 71.2140 39.0672 44.9406 26.1072 40.1024 81.1931 70.8396 
25.5337 60.8400 22.8700 57.0500 62.0600 31.4400 67.8900 83.4900 25.9500 83.2000 31.0700 63.4500 69.6700 41.5900 67.7600 41.7100 31.8200 10.6800 28.6100 77.0500 16.8800 50.6400 27.7200 29.6000 38.6000 60.3400 0.0000 36.0074 26.6667 61.9188 51.1123 61.4893 60.7037 50.9404 71.5837 47.2002 80.5688 42.5623 58.3392 50.2781 29.3537 80.9914 25.8055 21.8127 49.5663 34.9037 61.8306 39.4637 75.1924 26.1431 37.9400 
29.9805 70.8800 39.0700 34.3400 40.6300 27.5300 69.2400 65.7800 8.0500 88.7600 55.6900 57.2700 49.7200 20.3800 48.5100 17.5400 35.4300 35.8500 38.7900 59.8800 35.5600 70.3600 7.9500 54.6200 18.4800 52.7000 25.1800 0.0000 28.6475 64.1100 30.7800 74.5028 58.1035 67.4437 54.8578 65.8802 86.1492 22.2300 39.0542 71.6700 32.8684 59.5614 43.9280 46.9827 29.7963 22.6002 71.8706 31.9935 55.2424 50.1188 56.6200 
1.6113 44.8000 48.5900 41.6600 44.1100 6.0300 44.6500 60.4700 19.2500 63.0100 44.3900 37.6100 49.2900 27.4500 46.8200 32.5400 9.2700 31.8900 14.5500 53.9000 20.5200 49.1400 33.7800 45.3800 24.2500 34.4600 25.8900 26.1700 0.0000 40.0413 53.4713 47.4504 36.7813 43.2037 47.1460 46.5013 60.8713 46.5013 48.6292 52.4513 5.4313 60.5293 51.6013 40.4913 49.5692 9.6792 45.7906 14.9860 54.8124 47.3531 37.5313 
39.2932 12.2900 80.2000 67.7900 66.0800 37.0000 13.7100 66.7900 56.6600 25.1300 57.1300 28.8600 65.4100 58.8700 62.3900 66.2200 28.9600 58.4100 29.7400 61.3700 43.2400 39.7200 71.8400 60.5600 56.5700 31.7100 58.3400 64.1100 38.1000 0.0000 90.5044 19.1506 26.4348 42.2606 53.8110 47.1528 30.2138 84.1832 81.4164 60.4106 36.2320 76.0993 84.1455 67.5190 86.5244 46.6344 13.2806 44.5950 70.9324 73.8731 48.3148 
53.5313 96.6800 47.4700 42.3100 49.8700 52.6600 93.7000 77.4600 32.9300 113.9300 76.0200 79.3000 59.9800 36.3200 60.0500 28.5700 61.1700 55.2300 64.4800 72.8400 59.4800 94.6500 18.9200 73.9500 36.7400 74.2700 45.3100 25.8100 51.9200 89.5900 0.0000 99.2230 83.9135 90.8410 69.2100 89.8002 111.9592 10.4310 30.7400 95.2281 56.3030 67.6449 52.3280 66.3627 14.3248 47.4802 97.6706 57.8035 65.4202 68.2325 80.5400 
47.9032 6.1200 79.4700 82.3500 81.6300 47.6000 30.1000 84.5400 65.7600 29.0900 49.2900 46.7300 82.0400 71.4200 79.0200 77.9900 37.5700 56.9200 33.7100 78.9500 43.3100 25.3900 79.3600 53.3000 68.6900 49.2600 60.0900 72.2400 46.5200 17.9500 98.0300 0.0000 40.0922 34.4344 71.3610 32.8228 28.6422 90.6800 93.5364 46.6311 44.8420 92.7293 84.3280 60.9450 96.0892 56.1992 6.2222 53.2050 87.5624 71.2530 47.3374 
35.8613 33.2700 82.4100 50.6800 47.5900 30.0200 15.2500 45.8100 48.5200 37.1500 68.4500 8.0100 45.4400 45.3200 42.4400 53.3300 27.9800 63.2500 34.4400 40.4200 48.5800 57.6500 64.5000 71.0600 43.8800 10.9600 59.5400 56.5700 34.2500 20.9800 80.0400 38.7800 0.0000 63.0937 33.0610 65.0828 34.1397 78.8000 68.4398 79.9578 35.2520 54.5198 85.3455 72.2190 78.2240 41.8472 34.2606 33.4208 50.9624 78.7131 67.1286 
42.7385 28.7900 60.3200 84.0100 85.4400 46.6600 49.7800 95.4500 59.7100 53.1500 26.0100 60.4700 88.6400 70.1800 85.7900 74.8800 36.6900 38.5800 28.3700 89.1700 29.1700 6.4100 69.8000 30.2100 66.9800 61.1100 45.0800 64.1300 42.7300 36.0800 88.6200 24.0800 52.7800 0.0000 83.2110 7.9460 52.1195 84.6423 90.9685 18.2100 40.2338 99.4993 65.1780 42.1800 91.6385 52.1085 29.7806 51.9241 94.1624 50.9225 20.3625 
46.4313 64.7200 89.5200 28.4400 21.9900 38.7900 45.6600 16.0300 46.5600 66.7000 88.4900 24.6400 15.3100 33.8300 12.7800 40.6400 45.1900 76.3700 54.2200 9.5900 65.0300 85.3300 59.7300 89.9100 34.9300 20.8500 68.6700 53.2600 44.8200 52.5300 68.9100 69.9000 31.7800 79.6000 0.0000 87.5460 64.4550 71.9972 45.8556 97.2713 50.2513 26.0857 94.3780 85.3113 58.4790 50.6172 65.7106 38.5920 20.2657 91.8331 82.3513 
46.1685 34.4700 58.1100 87.3300 89.1700 50.1200 55.5600 100.2400 61.7200 58.6500 22.0300 65.8100 92.8100 73.1000 90.0200 77.3300 40.5300 37.2100 31.8000 93.9000 30.0200 6.5200 70.7100 26.2900 69.8500 66.2500 44.8300 65.5300 45.7400 41.8500 89.3300 29.5600 58.2000 5.8000 84.3200 0.0000 57.7995 82.0946 94.3692 14.8750 43.6638 103.7293 62.1246 37.1646 92.4946 55.4192 35.4606 56.1650 98.3324 45.0746 14.5146 
60.2132 22.6500 101.2000 83.2500 80.0600 56.9800 17.3300 73.7100 76.7600 4.5800 75.4800 38.0200 77.0500 76.8000 74.1400 84.5800 49.8800 79.1500 50.9400 69.5900 64.1300 52.9800 92.3100 79.2600 74.9200 42.7500 79.5400 84.4600 58.8300 21.2400 109.5400 27.6000 32.5800 51.4000 62.3400 57.0200 0.0000 105.1032 99.7664 69.6100 57.1520 87.0998 105.3455 86.4706 105.8616 67.8744 23.6406 57.7616 82.5724 94.6131 69.5548 
46.6813 89.5900 39.8400 42.4500 49.8900 46.4900 88.0800 77.2000 26.7600 107.7600 67.4800 75.0000 59.9300 33.4800 59.5600 26.5900 54.3300 46.6900 56.9700 72.0800 51.2400 86.3800 11.3300 65.4200 33.1500 70.1600 36.7900 19.0000 45.0700 83.0900 8.5500 90.6500 75.0000 80.4100 67.1300 80.9800 103.4500 0.0000 37.3315 86.6881 48.7130 68.8214 44.6980 57.8227 19.3315 41.3102 90.5806 50.9935 65.4402 60.6025 72.3000 
49.0210 88.6400 69.1100 14.2200 21.1200 44.6700 78.3300 48.0500 31.8800 100.1000 86.3100 59.7300 30.7600 20.4600 31.5600 15.5900 55.0900 67.2200 62.1000 44.3100 64.1200 96.5900 32.4700 85.6700 23.4400 54.4600 56.6400 31.6400 47.5600 78.6600 30.7400 91.8100 63.2000 90.1800 42.6600 92.7800 95.5200 33.0700 0.0000 98.0609 52.8410 36.9049 73.9680 78.3527 19.4400 40.0422 89.6306 45.9325 36.2824 79.9884 84.9410 
53.4913 46.9600 52.6800 93.3000 95.9800 57.0200 67.6600 109.4500 65.3000 71.0900 14.8900 76.5400 100.6100 78.3500 97.9500 81.5100 48.4800 34.7600 39.4000 102.9900 32.9800 17.3800 71.7400 18.6000 75.0500 76.4700 44.3000 67.7200 51.8800 53.9800 89.6200 42.0100 69.1900 18.2100 93.4300 12.5000 69.5100 81.0900 97.0900 0.0000 49.9783 111.6593 56.4100 31.0600 93.5863 61.5592 47.9506 64.1150 106.1324 40.0288 19.1135 
5.3098 41.6100 47.7900 46.2000 48.5200 9.7200 43.6600 64.0200 22.9800 60.9800 40.4900 38.8600 53.4200 32.0000 50.8800 36.9200 7.2000 29.5200 10.1400 57.4400 16.8300 44.6000 36.6500 41.7300 28.7900 36.2200 24.9200 29.3400 4.5600 35.8800 55.1500 42.9200 34.6200 38.2000 48.1900 41.1900 56.9300 47.9800 52.0400 47.4700 0.0000 64.5893 50.7255 40.6527 54.1292 14.2392 42.6006 18.2156 58.9424 44.9831 34.6196 
61.5613 86.5800 97.9300 25.2000 18.3800 54.3700 67.9600 15.1300 54.5900 88.8300 104.2900 46.9400 10.6600 38.9500 13.3100 42.2900 62.9200 89.1600 71.9300 15.6800 80.3800 105.0700 63.3500 105.0200 41.5900 43.0200 79.9200 59.0100 59.9500 74.5000 66.3500 91.5400 53.9800 99.0500 22.3100 103.3100 84.5200 67.3900 35.8300 111.2400 64.0800 0.0000 100.8174 98.8774 54.2875 55.5874 87.5706 48.9274 6.2274 104.1512 97.4813 
51.0837 84.4800 3.4700 74.1100 80.4600 56.1700 93.3500 104.8700 44.9500 107.8000 41.2000 88.6000 89.3900 60.0200 87.9900 57.0500 57.3700 25.9200 53.6600 98.7100 40.2800 68.0400 36.7400 37.4900 57.7100 85.1900 25.5500 39.8400 51.0100 83.2900 46.2500 82.8300 85.0100 63.7800 91.1400 61.5700 104.3400 38.9500 69.1600 56.0400 50.4300 98.8400 0.0000 31.0640 58.2815 59.5002 85.4706 65.0137 94.9124 24.2325 48.9342 
41.7213 62.3200 21.9000 75.5700 80.2500 46.1300 75.3400 100.1800 44.5800 86.6600 16.1700 75.6400 87.3600 60.0400 85.2600 60.4700 42.7600 8.6300 35.9800 93.6400 21.7000 42.8300 45.4200 13.0000 56.9500 73.4500 18.7700 43.8300 40.1100 63.5200 61.4400 59.7500 70.2800 38.9300 84.7800 36.3300 83.6900 52.9600 75.3800 31.0400 37.4000 97.7900 25.3500 0.0000 67.2663 45.0736 63.3106 55.0960 92.8824 10.3080 24.6885 
50.2613 93.0100 56.0400 30.3100 37.8200 47.9300 87.0600 65.3400 29.6000 108.0900 79.8300 70.8500 47.8600 27.4200 48.1800 19.3400 57.5600 59.3700 62.5200 61.0400 60.4000 95.1000 21.2100 78.3600 28.7900 65.6600 48.8000 24.8500 48.6500 84.6600 12.7900 95.1200 72.6400 88.8300 57.9000 90.3600 103.5900 16.8100 18.0000 92.3800 52.5600 53.7500 55.4200 66.6300 0.0000 43.4801 94.0006 51.4670 53.3643 72.4509 81.4600 
10.4913 53.2400 47.7100 34.2200 37.6400 8.9600 50.7200 57.1300 10.9400 70.2200 50.2200 40.2700 44.0900 19.2600 41.9200 23.7400 17.6800 34.7400 23.3200 50.6600 26.5500 57.6400 26.4900 50.6000 15.9800 36.2300 26.4200 18.5800 8.8800 45.7200 43.8700 55.2300 38.5500 51.2300 42.2600 53.9300 65.9000 37.5500 38.9500 59.1500 13.1800 54.6000 49.6500 43.3400 39.8900 0.0000 54.2306 18.3506 49.6124 49.7930 46.4113 
46.7032 0.7800 81.7800 79.3300 78.1500 45.9100 24.3300 79.6800 64.7800 24.4200 53.4100 41.7200 78.0000 69.2000 74.9700 76.1000 36.3700 59.2900 33.9100 74.2500 45.0100 30.8900 79.0100 57.3000 66.6200 44.5800 61.5000 71.6400 45.5700 12.8900 97.4500 5.8700 33.8700 28.9800 65.3700 34.6300 22.4200 90.3400 89.4200 47.1300 42.3600 87.2500 85.0800 62.8300 93.7900 54.0100 0.0000 50.3424 83.5224 73.1380 49.1446 
14.3113 46.3200 59.9600 33.2900 34.0500 6.6600 39.3700 47.9100 22.4200 60.0200 56.6000 27.3200 37.7700 22.1500 35.1000 29.4100 14.7500 44.5100 23.6000 41.3300 32.9300 57.6600 38.3900 57.8300 19.7500 23.3100 37.7800 30.4700 12.7000 36.8100 54.3300 49.5400 26.1100 51.4100 32.1600 55.2700 55.5400 48.9500 42.3300 62.8500 16.1200 48.3900 62.1000 52.7900 48.1000 12.9600 47.1000 0.0000 43.2924 59.9731 50.2313 
56.0213 80.8900 93.5500 22.0700 14.6700 48.7700 62.6400 13.9800 49.9900 83.7300 98.8000 41.5900 5.3100 34.5800 7.6100 38.7000 57.1800 84.0300 66.2100 12.0900 74.8900 99.2600 59.6900 99.6100 37.0100 37.4900 74.9800 54.8700 54.4100 68.8500 64.1500 85.8100 48.4500 93.2500 17.0300 97.5300 79.3700 64.5100 34.2600 105.5500 58.4900 5.8200 94.5900 92.6500 51.8100 49.3600 81.5700 42.7000 0.0000 99.1530 91.9413 
47.7568 70.8500 16.6100 80.0200 85.2200 53.0800 83.8200 106.4300 48.9300 95.2400 22.1600 83.4600 92.8700 64.6700 90.9300 64.1300 50.6000 15.3100 44.2600 99.9400 29.8800 50.1900 47.0100 18.1600 61.7400 81.0500 23.2000 46.8400 47.1300 72.0900 61.2100 68.1700 78.3600 46.7600 91.3300 43.6700 92.2800 52.9800 78.4200 36.7400 44.8300 103.1200 19.7400 8.5900 67.9100 49.3000 71.3500 59.6800 98.1800 0.0000 33.2785 
37.9698 41.7000 44.1400 78.2800 81.0900 42.3100 58.7300 95.5600 50.3800 66.4600 11.5600 64.4500 86.0100 63.3000 83.4100 66.5200 34.3600 22.9900 25.3400 89.0400 18.0000 20.5500 57.7100 15.2400 60.0100 63.7400 31.0000 53.1900 36.9900 45.5800 76.0300 38.2500 57.6200 16.2900 79.5500 14.2300 64.0300 67.5800 82.1100 15.0500 32.6600 96.6600 47.6100 22.6500 77.9800 44.1100 42.0900 48.3400 91.0200 30.5600 0.0000 
~
Delivery quantities;
54.58	22.26	43.37	92.21	71.40	44.91	83.77	90.55	95.48	39.13	57.82	44.38	34.65	52.14	93.88	60.53	80.91	25.72	74.40	76.98	90.37	83.21	51.82	14.86	21.48	21.95	13.19	17.13	10.27	26.57	13.81	58.77	5.67	31.53	10.36	39.50	52.39	9.64	11.53	76.52	26.12	49.73	86.01	56.58	66.38	47.87	36.25	53.24	93.85	84.85
~
Pick-up quantities;
27.62	32.35	35.62	81.87	105.86	61.36	120.53	69.07	141.09	33.64	56.32	52.82	49.51	62.35	114.28	70.54	74.33	25.83	106.87	107.45	78.26	93.90	55.35	12.77	22.66	13.59	13.97	20.78	14.79	22.28	20.69	62.32	3.75	40.40	5.96	45.46	41.50	10.03	9.05	66.82	13.31	61.91	59.06	82.91	56.42	67.61	39.92	27.24	140.46	59.91
~
Vehicle capacity; 
312.57	312.57	312.57	312.57	312.57	312.57	312.57	312.57	312.57	~


