Cost matrix;
0 43.2300 26.7500 44.4500 16.6600 56.8700 12.4800 19.3300 56.0900 49.0300 11.1000 67.2400 30.5500 49.7300 39.9000 23.4500 47.5100 44.1000 43.8700 41.8400 5.3300 41.8500 25.4400 36.9000 23.0700 55.9600 49.8300 37.6300 29.9400 48.0000 49.3900 47.1400 30.2300 29.1400 32.8300 46.1300 42.1900 10.3500 39.9500 51.2400 40.3200 29.2600 12.5800 27.8000 40.7400 58.4800 44.7300 47.3500 30.7200 44.0700 50.7900 
46.9187 0.0000 69.4000 84.4824 38.0624 89.1676 51.4324 48.4424 94.5026 57.1300 43.3324 47.6372 66.0824 43.1574 8.7176 34.1924 77.0336 19.9172 88.3224 58.5044 49.9524 86.0024 33.7126 62.4126 21.7724 87.9100 52.8500 77.0926 16.9926 87.3022 41.8859 64.7104 57.4236 18.2694 68.0722 88.2924 82.8223 56.5039 57.0400 86.9494 74.0638 64.4922 52.9288 60.1093 70.4712 92.6475 84.8394 59.6097 50.5653 84.7326 94.3410 
31.7918 69.4000 0.0000 34.1364 44.8226 62.5688 34.1517 44.7126 45.5764 67.4484 37.7826 95.7326 36.2388 79.7626 69.8355 52.4026 55.6980 70.5400 24.5690 58.2084 25.1826 20.7690 57.2318 54.3420 54.8618 63.2125 64.7524 34.6473 60.6740 52.4841 80.3017 66.3395 47.2395 60.9318 40.0080 41.1045 27.2350 29.3217 61.6432 45.1332 41.2920 39.8964 34.9377 49.9252 50.6808 64.0145 33.8364 58.3524 58.2796 48.3625 35.1745 
49.6762 78.3900 28.6300 0.0000 61.7370 86.0670 51.9070 62.4270 12.0970 49.2970 55.5270 111.8170 64.4570 67.0070 78.3470 67.9970 83.3770 86.6770 25.2026 40.6670 43.0670 21.6526 53.7970 31.9270 63.3070 82.5870 46.3170 7.9970 68.0970 71.6270 94.2670 90.1970 71.4670 67.8270 67.8670 59.3470 10.8426 47.0870 44.8170 15.3370 19.5670 65.0170 50.9470 69.4570 26.0870 83.2870 0.3570 41.1419 76.0240 76.3914 63.8045 
22.3244 35.5200 41.2900 61.1000 0.0000 54.3598 19.5002 13.2992 73.1970 65.0150 11.0902 55.6946 29.3098 59.4136 30.6737 12.4800 41.2026 30.9309 64.0166 58.1570 27.6544 62.0590 38.2907 55.0110 23.1318 54.3098 63.1050 59.9544 26.6336 49.2398 37.4946 34.2170 21.5926 27.9104 30.0098 56.0502 64.5144 24.5717 55.9350 68.8500 55.7000 26.4298 20.9966 24.2783 61.1610 58.0192 61.4570 59.6506 15.8470 46.6702 62.0988 
63.8946 86.4500 56.8200 85.4300 52.5600 0.0000 50.2026 44.0024 97.5270 111.6926 53.9320 82.5860 32.1226 109.2092 83.2337 64.3860 20.4360 79.4988 70.4700 105.1700 60.5400 72.2500 87.1564 98.6900 74.9920 8.2500 113.7246 87.7625 76.5792 20.4491 66.7485 43.8984 45.8921 75.4392 34.3260 36.1905 82.0425 55.2741 103.8446 100.7670 97.2200 35.7802 51.6990 43.3821 101.7425 11.2860 85.7870 109.8824 60.2469 23.8425 42.2109 
15.3504 50.0800 27.1600 51.2600 15.9500 44.4100 0.0000 11.9682 63.3570 63.0464 11.0664 65.9564 19.5364 63.1764 46.6237 26.9964 37.1364 46.8809 44.5164 55.6464 11.1964 43.5164 38.6564 50.0964 31.7362 44.8864 63.7064 45.5715 39.2931 37.1864 47.7564 39.1444 20.8244 38.1531 21.7564 37.2664 46.8815 5.0715 53.9764 61.1664 51.6664 18.1764 1.4964 18.3144 54.1112 48.8716 51.6170 62.1664 30.4634 38.4168 43.3150 
24.9146 45.6600 38.1000 61.7800 10.3900 42.3100 10.9800 0.0000 73.8770 67.8196 9.9296 59.7180 20.7408 68.3896 41.0637 22.8700 32.5245 41.3209 55.4964 63.6106 20.1159 54.4964 46.5896 61.0764 31.4896 44.6368 72.2800 56.5515 37.0236 39.9000 41.7980 31.1466 12.9145 37.9065 22.7175 48.2464 57.8615 16.0515 64.8646 72.1464 61.1825 19.1375 12.4764 11.6848 65.0912 49.3743 62.1370 65.8800 19.0080 36.6975 54.2950 
61.7162 87.6200 40.2200 12.0400 72.7100 96.7700 63.2700 73.7300 0.0000 52.9779 67.5670 123.8570 76.4588 73.6779 90.3870 80.0370 95.4170 97.4221 36.2643 45.7679 55.1070 33.6926 65.5772 38.7979 73.9421 94.6270 49.2879 20.0370 80.1370 83.6670 106.3070 102.2370 83.5070 79.8670 79.9070 71.3870 22.8826 59.1270 51.0279 13.3179 26.0172 77.0570 62.9870 81.4970 35.4000 95.3270 12.3970 49.1822 88.0640 88.4314 75.3945 
50.9912 49.0900 60.1500 48.9000 58.2900 105.8700 61.5100 66.2900 52.4200 0.0000 60.3916 96.7272 81.0464 25.9335 56.1536 61.8116 98.5012 69.0072 70.0774 10.6260 54.9416 66.3374 34.4016 19.3874 50.5516 106.3964 4.8792 45.3410 50.5716 98.5716 84.6116 92.5070 79.2045 51.0516 83.2664 93.2174 58.4522 61.2216 11.5316 40.9296 30.6322 79.6864 63.0064 77.6616 24.3810 109.4712 49.2570 11.2896 74.1370 95.0612 95.3245 
14.9850 41.8200 33.6600 54.8800 7.8100 49.4100 8.4100 8.5600 66.7000 57.8900 0.0000 59.4354 24.2977 58.4600 38.3900 19.2960 39.2200 38.7409 52.9264 56.8250 17.8920 51.9264 36.6600 51.8850 21.5600 51.8116 62.7692 52.6150 29.1169 45.5964 43.2870 38.1000 19.7800 27.9769 27.5116 44.9600 55.2915 13.4815 54.9350 66.2250 54.9980 23.9316 9.9064 17.2700 55.7250 53.6329 55.2370 62.3350 20.4970 44.1720 51.0086 
67.2400 45.6300 91.8700 111.1900 50.9100 77.3800 65.0200 54.5500 122.3500 93.5700 58.2700 0.0000 69.1752 84.3005 51.8292 46.9516 68.0885 37.6992 109.5364 94.1052 72.5700 108.5364 68.2405 96.9405 58.3120 85.6300 98.4492 104.8700 51.5205 88.3752 23.8420 45.5285 57.2452 52.7973 67.9752 96.2452 109.4300 70.0915 91.5679 118.4800 106.6100 66.3052 66.5164 54.7352 104.9991 88.6660 111.5470 100.6252 47.0878 86.2663 102.2938 
31.7720 63.5300 35.8800 63.8000 28.1600 26.3300 18.0800 17.8800 75.7100 79.5700 23.5900 66.6300 0.0000 80.1376 58.8337 35.9976 19.4592 55.2276 51.0816 73.6120 29.2764 55.4136 55.7476 68.1764 45.1500 28.3692 81.6020 62.9376 52.2776 24.1892 50.3176 31.7892 15.0376 51.1576 3.7692 33.6476 61.4276 23.1515 71.7220 78.8876 69.7464 3.6576 19.5764 16.2689 72.1912 29.3352 64.1570 79.1220 28.3608 20.5037 39.6962 
59.2128 30.1800 69.4200 66.5400 52.2100 104.2600 61.1600 62.0900 72.4800 22.9500 54.9300 75.8000 78.4800 0.0000 38.7420 53.2224 93.4126 50.0972 87.9984 31.4084 59.9480 84.3484 29.4480 38.5584 46.5260 106.0464 27.8292 63.9484 39.3360 98.3464 71.4277 86.4270 73.8026 40.6128 82.2198 98.4264 73.7766 66.2315 25.6284 63.7155 53.5432 78.6398 62.6564 72.2000 47.0232 107.8152 66.8970 34.2396 68.0570 98.7875 104.4750 
40.6980 6.4100 66.5100 77.7600 30.3700 80.4500 45.5300 40.2400 87.5600 52.4800 37.1600 41.2000 58.0700 35.2200 0.0000 27.7280 69.1805 19.3581 83.7080 55.9380 45.7080 81.2780 28.4080 57.0080 17.6180 84.4905 57.3592 71.2180 12.5280 79.6098 37.2466 59.1780 49.5705 11.3880 60.3798 82.1200 82.8880 50.6015 51.3032 80.0680 68.7592 56.7998 47.0264 51.9248 65.3953 87.4052 78.1170 62.4580 44.2976 76.9375 88.1686 
23.6845 28.7100 49.1900 67.3700 8.3200 57.8900 24.2600 17.2800 78.6800 58.6100 16.0800 43.8800 35.0300 49.2800 23.0500 0.0000 48.1808 26.7279 67.5545 58.3398 29.0145 65.5345 30.9798 58.1698 14.7798 59.6400 63.4892 61.3145 17.9941 55.4600 36.5987 35.5417 28.5708 19.2709 35.0400 61.0400 65.8745 29.3315 54.3072 74.9245 64.0045 34.7498 25.7564 28.9648 64.4245 64.3652 67.7270 64.8598 17.1717 53.3311 67.0886 
50.7304 72.0400 54.5600 82.7300 39.7500 15.6000 35.3800 30.1600 94.5900 96.0900 38.2600 62.1500 18.9800 91.9700 65.8900 43.9500 0.0000 63.1024 70.0616 90.2031 46.3182 73.1948 70.9740 85.4764 58.3240 23.8500 99.0864 80.7048 61.9441 29.7216 49.9424 23.4624 27.0940 63.2209 20.3970 45.0222 79.1948 40.4515 89.3564 96.5464 86.4055 21.4248 36.8764 24.5840 89.4912 26.8860 83.0870 96.0400 42.0464 30.9422 51.0708 
45.4145 19.7200 70.5400 86.0700 30.0300 73.6100 45.9500 37.7900 96.6900 65.9500 37.8100 27.7200 54.4300 49.3500 14.1300 21.7300 58.3000 0.0000 89.2845 67.4936 50.7445 87.2645 40.9530 71.1380 31.7480 81.3700 70.8292 83.0445 26.6580 76.4357 21.9687 44.7932 46.9628 25.5180 56.7700 82.7700 87.6045 51.0215 61.7136 94.1980 81.3042 54.6642 47.4464 49.4748 77.9403 83.7652 86.4270 74.0136 38.9017 72.2857 88.8186 
45.1861 85.7300 17.4100 24.9800 58.7000 66.5200 44.2800 55.1000 33.2700 68.9700 51.0500 109.2000 50.0800 82.1400 83.2600 66.5900 67.6000 87.8600 0.0000 60.3720 41.0072 4.3320 70.6072 53.3372 68.2561 66.1020 68.9272 27.8272 74.1832 55.5820 91.0100 81.8692 64.5100 73.0432 53.8492 39.5820 14.6472 40.0300 67.0430 40.3170 44.5470 53.7376 45.6460 62.5944 51.0670 67.5772 25.3370 64.5877 71.5470 57.6044 45.6306 
43.5136 49.5800 51.0600 40.2500 52.8700 98.3400 54.2300 60.0100 44.8200 9.2400 51.4700 92.2600 72.1700 27.9700 51.9300 54.3500 89.3100 64.5600 59.7600 0.0000 48.8436 59.9773 31.2510 13.0273 47.4010 99.1164 10.5216 41.5300 47.4210 91.4164 81.4610 87.0870 71.2500 47.9010 75.9392 86.8573 51.0926 53.8636 8.3810 36.1600 26.8254 72.4064 55.7264 68.7400 20.5900 101.5052 40.6070 6.5200 68.7170 87.5836 86.2345 
6.6092 48.4700 22.0900 42.4200 19.6400 53.6000 10.1200 19.5300 54.3100 52.4300 12.6000 70.5500 27.5000 54.5800 44.9800 27.2200 45.4100 48.4500 39.4300 44.7400 0.0000 42.8590 32.0492 43.5092 29.6792 53.6080 53.9274 42.1317 35.4914 45.3180 55.8870 48.9971 30.9444 35.7492 30.8990 41.4504 43.7136 7.6080 46.5592 54.2166 41.0666 27.3590 10.3790 28.4344 47.3492 56.8352 42.7770 51.2600 33.0970 47.5994 47.4990 
44.2692 83.1100 16.1000 21.4300 57.1500 68.1200 43.2600 54.1800 30.3000 65.2400 49.6300 107.8900 50.4100 78.7100 80.8400 64.8800 68.3700 85.9400 3.8000 56.0400 37.6600 0.0000 69.7092 49.2975 67.3392 69.9020 66.5616 27.0168 73.1514 59.3820 91.0164 82.1992 63.3395 73.4092 54.1792 43.3820 13.8368 43.8300 63.0033 36.7670 40.9970 54.0676 44.7564 61.5744 47.5170 71.3772 21.7870 62.5600 70.1270 61.4044 49.4306 
29.7648 25.2700 47.9500 53.2400 28.7900 79.9600 36.6300 38.1000 62.3500 30.7800 30.5500 64.8300 54.0100 24.5400 25.7100 27.9400 68.2300 37.2300 62.8800 27.6400 30.5000 59.8900 0.0000 36.2574 23.4900 81.5164 33.9974 55.1112 20.3726 73.8164 52.9426 61.6506 50.3300 19.2326 57.7792 71.9504 64.0826 38.1080 23.3274 53.5012 40.3512 54.4816 38.1264 47.8200 36.9873 83.3452 53.5970 34.1600 43.2806 73.8348 77.9990 
45.5492 53.0100 42.6300 31.4900 50.0100 92.2300 48.8600 55.9000 37.1100 18.2900 47.3600 93.2800 66.4000 35.4500 54.3500 52.8400 84.2300 65.8700 50.6900 9.1100 38.9400 46.9500 28.7700 0.0000 50.3324 92.5480 19.6316 30.4478 49.1426 84.2580 81.7126 84.2270 67.1400 48.0026 69.8390 73.8300 42.3326 46.5480 13.7058 27.5178 16.0078 66.2990 49.3190 64.6300 9.4878 95.7352 31.8470 15.6300 65.8570 86.5394 77.8045 
25.1463 20.5400 49.7000 62.7100 16.2900 68.8000 29.6600 26.6700 73.2100 46.9500 21.5600 50.1100 44.3100 36.9000 16.8300 12.4200 55.5700 23.4800 66.5500 43.5600 28.1800 64.2300 16.2000 43.3900 0.0000 70.5998 50.1974 58.1070 7.5569 65.5298 35.1594 47.9617 37.8826 6.4169 46.2998 66.5200 66.6952 34.7315 39.5274 69.7012 56.5512 42.7198 31.1564 38.3548 52.8778 73.6452 63.0670 50.0800 29.5917 62.9602 72.5686 
57.6020 87.9100 53.4900 81.9600 53.2900 5.5000 43.6300 42.9200 93.1000 104.7200 49.3900 81.3900 25.8300 104.3000 82.0700 59.2100 19.2500 76.0600 62.2200 96.9200 52.2900 64.0000 79.8400 90.4400 69.5800 0.0000 106.2174 79.5125 77.1369 12.2430 69.1924 42.7124 38.4460 75.9969 26.0760 29.1720 73.7925 48.7015 97.5520 96.0425 88.9700 29.4876 45.1264 41.1317 93.4925 4.7375 82.3170 103.4400 54.1908 15.5925 34.0048 
51.3249 52.8500 59.0000 45.9400 60.1000 106.4600 62.2600 67.6600 48.8100 4.2800 59.1800 96.9700 80.2500 27.2200 56.0100 60.9400 97.1900 69.2900 66.8700 8.2200 52.8700 63.1000 33.4000 16.4600 49.5900 105.0900 0.0000 43.9700 50.0301 98.0301 84.0701 93.1301 78.9600 50.5101 83.3521 90.2900 56.7826 60.4780 10.9901 38.6000 29.4600 79.8121 62.8321 76.4500 23.0300 109.5852 46.2970 8.9600 75.9470 95.3949 94.1745 
42.6192 71.0100 25.2900 7.4100 54.2400 81.8000 45.2800 55.5200 18.4700 43.6700 48.3000 104.0300 58.9800 60.0400 70.3500 60.2700 77.9600 78.7300 26.4900 34.7000 36.0100 22.6900 45.9000 25.6600 55.3400 78.6800 41.1100 0.0000 62.8969 67.9300 90.4994 84.4244 66.1044 61.7569 62.7492 62.3336 13.4436 43.6180 39.3658 22.7470 18.0072 62.6376 46.3890 63.5944 25.9904 79.9252 7.7670 36.7605 68.7970 68.3944 60.4645 
32.3363 13.3800 56.3400 67.5100 22.9600 75.1000 36.8400 33.3200 77.5100 46.1200 28.7000 48.1500 51.1200 32.7800 10.4200 17.4700 61.4000 20.5100 72.9500 44.1300 35.1400 70.4900 16.7200 45.4200 7.1900 76.1200 49.2300 60.1000 0.0000 71.3268 34.9868 49.0668 42.1068 1.2768 52.5100 73.6600 73.5436 41.8880 40.0474 69.9568 57.0712 49.3898 38.3364 44.7925 53.4786 80.4552 67.8670 50.6500 34.6417 69.6302 79.7086 
50.3992 83.6600 42.6700 71.0000 48.2300 15.6100 36.1900 38.0000 82.0500 95.9800 43.0800 83.1300 20.1300 97.3500 78.1900 55.1500 23.0400 74.0000 51.1000 87.8500 43.7900 52.8700 72.8200 80.9500 64.2600 11.1300 96.0700 67.9300 71.1600 0.0000 70.4476 46.5024 35.1676 70.6769 23.8992 19.9315 64.0515 39.6015 88.8215 86.3015 80.4415 23.7876 37.6864 36.3989 83.7515 11.9952 71.3570 94.0915 48.4908 5.8515 21.7618 
50.0145 36.4200 73.6800 93.6400 32.8900 63.5700 46.8200 36.4200 105.0000 80.4500 40.1300 18.2000 49.4800 65.5300 30.5300 26.3300 47.9700 16.7700 91.0000 77.8800 52.5000 89.7200 50.2700 77.8000 34.4700 66.9400 83.4500 86.5800 34.3500 67.1900 0.0000 31.5112 36.9458 35.6268 49.2158 77.4858 92.2045 51.8915 73.0800 101.2545 88.5900 47.6458 48.3164 36.0858 87.2573 71.6775 93.9970 84.4000 23.2458 67.5069 83.5344 
49.9684 56.6100 64.1000 89.5500 32.8700 37.8500 38.2900 28.0600 101.5600 90.7600 36.0500 39.5900 31.0300 81.4900 50.2000 32.5700 22.5600 39.6400 79.9700 85.7000 47.5700 79.7500 60.3700 82.7700 44.9400 41.8100 92.7900 83.4800 48.8300 44.3000 26.4800 0.0000 23.7566 50.1068 32.7834 62.1720 84.8966 43.3615 83.6974 99.1766 88.5700 32.8166 39.7666 21.2466 90.4619 46.5475 89.9070 92.2200 26.6365 48.0920 66.0618 
34.6557 53.1700 44.9900 70.8100 20.1800 33.2900 19.7400 11.2300 82.8400 77.4700 19.7700 52.5000 14.1400 72.3800 47.2100 24.6300 19.6100 41.5600 60.9900 71.2300 29.5700 60.6800 48.8300 67.0200 35.9800 34.9200 78.8900 64.9800 41.9700 32.5600 35.3700 19.1000 0.0000 41.3957 15.0738 41.4838 66.3357 24.8115 68.6657 80.6157 70.5057 11.4938 21.2057 2.6857 71.9010 39.6575 71.1670 77.1100 20.1481 31.7342 47.5324 
31.3763 14.3100 55.6300 67.2400 21.8400 73.9600 35.8300 32.2000 77.3400 46.7300 27.6500 47.8100 50.0000 33.7700 10.9500 16.3400 60.2600 20.2600 72.3200 44.5500 34.3200 69.8900 17.0200 45.6200 6.2300 74.9900 49.7800 59.8300 1.1400 70.0500 33.7100 47.7900 40.8300 0.0000 51.3800 72.6100 72.8456 40.9015 39.9152 68.6800 57.3712 48.2698 37.3264 43.5157 54.0073 79.3352 67.5970 51.0700 33.5117 68.5102 78.6586 
35.2620 63.7200 39.3600 67.2100 28.7300 24.4200 20.4000 18.3400 79.1400 81.8400 25.0000 64.4700 3.4900 79.9000 58.0700 35.0400 15.6900 53.6000 53.5300 74.6200 30.1500 53.8900 55.5500 69.0900 45.0100 24.6000 82.6500 62.3100 51.6300 20.4200 47.6500 28.0200 12.3700 50.5000 0.0000 32.3711 62.1734 24.8234 73.5834 79.6334 70.9834 4.4034 21.8964 15.0557 72.5483 29.3375 67.5670 81.1400 30.5114 18.2911 38.4197 
47.6492 86.7800 32.1100 58.7400 51.7700 31.4700 36.7400 42.7500 69.0100 90.4300 44.9600 93.7600 27.1800 95.5300 82.0300 59.7100 37.6300 80.5100 36.6500 81.6800 41.0400 38.9500 71.5400 73.8300 66.3900 26.5200 89.8400 56.8800 73.5800 16.0000 76.6500 56.7500 41.3200 72.5600 29.3500 0.0000 51.2972 41.8115 87.5358 74.0770 73.4020 30.2899 38.2364 42.9012 81.8186 27.9952 59.0970 88.2000 55.5408 18.0224 6.0486 
45.6392 80.4100 20.9500 10.6300 58.5500 76.8000 46.5700 57.4800 20.1600 56.8100 51.5900 109.4000 56.8300 72.3300 78.9400 65.6300 75.4600 85.7000 14.3600 47.7700 39.0300 10.8100 55.9600 38.6900 62.9200 73.0200 54.2800 13.1800 68.5300 61.9400 91.4500 84.4800 65.4300 68.0800 60.3100 48.8900 0.0000 46.6380 52.3958 25.9670 30.1970 60.4876 48.0664 64.8844 36.7170 73.9352 10.9870 49.9405 72.0870 66.9124 54.9386 
12.9492 51.4500 22.7300 46.4400 19.0700 47.2600 4.8300 15.6800 58.4600 58.7300 11.2700 69.1700 21.1800 60.0600 47.3500 27.3000 39.3000 49.0100 40.0300 51.0800 6.3400 38.8200 35.6800 45.2200 30.9100 46.0000 59.2100 40.5000 38.0800 37.7100 50.9800 43.1100 24.4800 37.1400 23.9100 36.1600 41.8100 0.0000 52.8992 60.5566 47.4066 22.5960 5.6160 23.1444 53.6892 49.7052 46.7970 57.6000 31.7670 41.1750 42.2086 
46.7415 43.9200 52.2400 44.3800 49.5000 96.8000 52.4300 57.2900 49.8100 9.0800 48.8600 87.0600 70.4900 22.6800 46.4700 50.2800 87.0300 59.3400 62.3700 5.7800 43.4100 58.7200 22.8700 12.9300 39.0200 95.6900 10.6700 38.3200 39.0400 87.0400 73.0800 82.1400 68.4900 39.5200 72.7500 81.8900 51.1400 49.6900 0.0000 38.0871 27.9148 70.6064 53.7890 66.1300 21.3948 99.0352 44.7370 12.3000 65.3470 84.6294 87.4145 
57.2692 77.7400 41.7900 15.1600 67.3200 98.2900 60.4300 70.0900 12.9300 39.6600 62.2900 115.1800 75.1000 60.3600 78.3500 72.3000 94.0600 88.6000 40.1400 32.4500 50.6600 36.5700 52.7000 25.4800 65.2400 95.2000 35.9700 16.5200 68.7000 84.4500 98.4700 98.1500 80.1500 68.6800 78.3700 73.0900 25.7800 55.7800 37.7100 0.0000 14.9910 78.0190 61.0390 78.7444 24.3798 96.4452 15.5170 36.7536 82.7870 84.9144 76.9645 
47.2692 64.5900 37.2000 19.1800 55.7000 91.4900 50.7500 59.5800 24.0900 29.7400 51.4000 102.4700 66.8600 48.4900 65.2200 60.0900 85.5500 75.6600 41.2000 21.2900 40.6600 37.4000 39.5600 13.0500 52.4000 88.9700 26.7700 14.7600 55.6300 78.7100 86.0400 87.4500 70.1600 55.6400 69.9300 69.3000 27.8200 46.3900 25.8800 13.1500 0.0000 68.0190 51.0390 68.6700 9.3888 90.7052 19.5370 23.1650 71.5470 83.1544 72.3745 
32.1804 60.9200 36.8500 64.3600 25.6600 27.9300 16.8300 15.3100 76.3300 78.2600 21.5600 63.8800 2.8800 76.4800 55.3900 32.3400 18.9600 51.5700 51.6200 71.0500 26.6300 51.7700 52.0900 65.5700 41.8900 27.8800 79.0800 59.2800 48.6200 22.8100 46.6600 28.8600 11.3800 47.5000 3.5800 29.9900 57.7700 20.4200 69.1800 75.2300 66.5800 0.0000 18.3264 12.6113 69.0739 31.5894 64.7170 77.5700 26.1080 20.2404 36.0386 
15.7250 51.1000 25.9300 50.2900 17.1800 44.3200 1.2900 12.1800 62.3100 61.5500 9.5700 66.3000 18.0400 61.6800 46.6300 25.5000 35.7100 47.2000 43.0200 54.1500 9.7000 42.0200 37.1600 48.6000 30.6400 43.3900 62.2100 44.3900 37.8300 35.6900 48.1100 39.2800 20.5900 36.8300 20.5200 35.7700 45.4600 3.9000 52.4800 59.6700 50.1700 16.9800 0.0000 19.6044 55.4012 47.3752 50.6470 60.6700 30.0670 37.2204 41.8186 
31.9700 51.2800 43.3900 68.8100 17.8000 35.2700 17.6100 8.7200 80.8300 74.9700 17.2700 52.6300 14.4400 70.0100 45.4200 22.6300 21.9500 40.3600 59.6400 68.7300 27.3000 59.2000 46.3900 64.5500 33.7400 36.6500 76.3800 62.8900 39.8500 33.6400 35.1800 20.8300 2.5100 38.7100 13.2400 41.5100 63.6500 22.4000 65.9800 77.9300 67.8200 11.5700 18.5200 0.0000 69.2153 41.3875 69.1670 74.6000 17.4624 31.5311 47.5586 
48.5292 60.4300 41.6300 25.7000 55.1000 94.2000 52.0300 60.0400 30.0000 23.2200 51.6200 100.0000 68.9300 42.4900 61.5800 58.6700 87.2800 72.7700 47.1600 14.9100 41.9200 43.3600 35.9100 7.5300 49.9300 92.0000 20.2800 20.9600 52.4300 82.0400 84.1200 87.5100 70.9400 52.5500 71.8300 73.5600 34.1200 47.9800 19.8100 18.0300 6.5200 68.3900 51.6000 68.5300 0.0000 94.0352 26.0570 15.0549 70.9470 87.8915 76.8045 
60.5320 91.3400 54.4200 82.6600 56.5300 8.5500 46.2700 46.1400 93.6000 107.0100 52.3500 85.1700 28.7600 107.1900 85.5500 62.6300 23.0300 79.7300 62.1400 99.0700 54.6100 64.1200 82.6900 92.3800 72.8000 3.7900 107.2700 79.6900 79.4200 11.7600 70.7200 45.5800 38.4800 78.2900 27.8000 25.8200 73.4600 48.3800 98.0100 96.2000 90.4200 30.9700 45.9500 40.1400 93.6700 0.0000 83.0170 104.2384 55.4474 15.9984 31.4356 
49.3192 78.6000 28.9200 0.3000 61.3800 85.7100 51.5500 62.0700 11.7400 48.9400 55.1700 111.4600 64.1000 66.6500 77.9900 67.6400 83.0200 86.3200 25.1600 40.3100 42.7100 21.6200 53.4400 31.5700 62.9500 82.2300 45.9600 7.6400 67.7400 71.2700 93.9100 89.8400 71.1100 67.4700 67.5100 58.9900 10.8200 46.7300 44.4600 14.9800 19.2100 64.6600 50.5900 69.1000 25.7300 82.9300 0.0000 40.7849 75.6670 76.0344 64.0945 
49.7175 55.7100 54.0300 39.6200 59.0600 103.3900 59.6000 65.8800 42.4500 10.0800 57.3200 98.7300 77.3700 32.2400 58.2700 60.7700 94.8600 71.0200 61.0300 6.5200 49.8700 57.2400 34.1500 11.5300 50.0700 101.7400 6.4000 35.0100 50.6200 92.3700 84.4000 91.9200 77.0900 51.0500 79.9500 85.3500 48.1700 56.2000 11.8200 29.6400 20.5000 76.4000 59.4300 74.5900 14.0700 103.7500 39.6400 0.0000 74.9070 93.7875 89.2045 
34.8850 41.1100 52.1300 74.7800 14.9500 45.9900 24.9700 14.0800 86.6000 72.3900 19.9000 40.7100 27.2700 63.6800 34.8800 14.4300 31.0700 27.9400 69.1800 67.4700 32.4100 68.2200 42.0200 64.9300 26.8500 48.1800 74.4700 68.1900 31.4700 46.2500 22.7900 18.3700 13.7000 30.3700 25.9700 54.2400 71.1500 29.5200 63.8100 81.9000 70.5300 24.4000 26.2000 12.8400 70.0500 51.8200 75.0700 73.7500 0.0000 44.2611 60.2886 
45.8328 80.5400 38.6900 67.1100 45.0400 18.7900 32.4400 34.9500 78.2600 91.8900 39.5700 81.9400 17.2300 93.5600 75.1900 52.2000 23.6200 71.5700 47.7400 83.7400 39.7800 49.3500 69.0400 76.8100 60.9100 14.8500 91.9500 63.9200 67.8800 4.1500 65.5600 43.7200 30.4600 66.7900 18.1100 14.0800 58.2000 33.7500 82.9700 80.4500 74.5900 20.0400 31.8800 31.2900 77.9000 15.8400 67.3900 88.2400 44.0700 0.0000 20.1286 
52.2092 92.1000 34.1500 59.1800 57.3100 35.4300 42.0200 48.4900 68.8200 93.6200 50.3400 99.6900 33.1100 99.8000 87.4800 65.3300 42.9500 86.2700 35.7800 84.7100 45.6000 38.5200 76.0700 76.5800 71.6400 30.1800 92.7900 58.0500 78.8300 20.5300 82.5700 62.5300 47.2500 77.8300 35.2600 5.9300 48.9500 41.0800 85.2700 73.9100 71.1400 35.9100 41.0000 47.4200 75.7700 28.8400 59.4100 88.0500 60.1400 19.3400 0.0000 
~
Delivery quantities;
82.08	92.06	66.51	64.66	17.41	42.83	69.38	37.28	52.27	50.59	0.06	34.80	68.91	38.19	60.87	87.99	16.76	41.12	2.46	81.37	95.02	4.49	76.57	27.41	88.47	15.57	80.77	93.31	96.25	10.66	95.50	50.45	42.08	6.10	92.91	16.55	11.53	9.69	0.26	54.08	12.59	33.13	77.99	18.62	97.35	58.97	24.42	52.93	33.98	54.28
~
Pick-up quantities;
109.40	91.89	71.13	40.31	17.47	40.50	90.02	53.54	33.98	72.34	0.04	28.99	72.80	43.55	56.38	74.41	24.25	21.38	3.48	53.66	118.18	3.57	80.87	27.94	83.13	9.90	117.04	132.22	98.42	10.44	73.33	26.35	39.75	7.59	114.86	21.65	16.72	10.96	0.17	27.94	17.87	36.14	83.79	21.29	109.36	50.78	35.59	52.08	22.35	31.96
~
Vehicle capacity; 
304.94	304.94	304.94	304.94	304.94	304.94	304.94	304.94	304.94	~


