Cost matrix;
0 15.4900 39.0000 48.5400 53.1500 49.6400 17.6400 36.6700 45.3400 50.1200 33.4600 39.2900 52.7300 5.7800 42.9600 41.9200 29.5400 56.5200 9.8300 35.8700 17.8900 21.0300 21.3100 66.4500 34.4900 47.9000 16.6200 49.4300 30.2600 19.7200 41.6500 58.9900 40.5000 22.6700 22.2500 13.8600 29.6200 31.6500 27.5300 47.7900 38.1800 36.6600 36.7500 23.2500 35.0200 42.5000 49.4300 53.3400 25.0100 42.4200 30.5800 
17.0390 0.0000 53.4900 61.2875 70.1890 34.9400 34.6790 51.0875 61.8507 67.1590 48.7800 24.4800 69.7690 22.8190 59.9990 39.8515 18.9715 71.8918 20.9475 29.6900 4.7615 37.2200 29.7500 71.1000 27.0724 53.6300 1.7600 64.8507 24.3685 36.7590 58.6890 68.5651 40.8240 36.9964 39.2890 24.1192 45.0007 37.8815 34.4213 64.8290 55.2190 51.3875 27.9392 22.8480 27.0079 58.6882 62.2404 41.4304 42.0490 37.6774 19.0704 
45.6803 53.4900 0.0000 24.7067 26.0473 88.4300 24.5073 10.2467 33.3873 23.7673 43.6373 77.9700 34.0067 39.1873 21.1073 76.6773 70.3902 40.4900 37.9673 61.2067 58.2515 22.5473 53.4773 58.5867 74.9073 68.1773 55.2500 40.8773 58.9967 32.1673 15.5473 54.2467 75.2773 23.0773 35.3173 48.9173 33.4073 66.1473 59.8473 24.2073 3.8073 10.0067 68.1577 58.3583 79.2113 24.2969 50.3897 91.3267 39.4831 67.5767 69.2675 
53.7127 59.9800 20.3300 0.0000 46.3773 92.4916 37.2895 15.8895 53.7173 44.0973 62.8822 79.7216 54.3367 50.0578 41.4373 90.6978 78.9515 60.8200 43.5878 55.9816 64.7415 30.8578 67.9378 40.7268 84.8478 87.0295 61.7400 61.2073 55.4016 49.0595 35.8773 40.6916 89.2578 27.6978 52.9395 62.7295 52.6422 81.0195 74.8126 44.5373 24.1373 16.1895 61.9916 54.3216 83.9116 10.0316 36.0927 89.0216 53.1259 61.2790 76.0453 
54.3535 68.6400 24.8800 43.0100 0.0000 102.9943 37.2943 33.1500 19.7156 4.1814 39.0556 92.7343 15.7250 48.8043 10.5343 78.5056 79.8256 19.6936 54.0175 81.6900 71.5656 40.0138 57.3356 81.8100 81.8156 62.6456 70.4000 26.4956 78.3638 36.9056 13.8738 77.6200 77.2556 41.5100 37.5156 55.5702 31.1356 69.0256 62.3956 6.5056 22.2400 33.4500 87.7943 74.2143 88.9953 47.7402 73.8330 106.6560 34.8210 91.0169 84.9335 
51.1990 34.1600 86.9500 90.2500 102.7400 0.0000 68.8390 84.2312 96.0107 101.3190 80.9480 14.8465 103.9290 56.9790 94.1590 54.1591 34.7640 106.0518 55.1075 44.7223 38.9215 71.3800 57.9880 92.2800 35.9591 81.4740 35.9200 99.0107 40.9500 70.9190 92.8490 85.1466 55.8295 69.9312 73.4490 57.9240 79.1607 55.5740 58.9740 98.9890 89.3790 84.5312 43.0651 41.2729 25.3240 87.3345 79.8521 23.5611 76.2090 48.5572 25.2288 
21.6972 32.8900 21.9000 35.4000 36.4600 66.9900 0.0000 23.3260 39.7182 34.3506 33.1082 57.3700 41.7470 19.1880 30.7306 56.2390 51.2372 50.5206 16.7232 49.6085 37.6515 10.1656 36.4630 63.9540 54.1313 56.1396 34.6500 42.7182 44.1400 17.8296 25.0206 57.8040 54.7990 12.6440 22.2336 29.0030 22.8682 45.5490 43.3378 34.8219 25.7073 23.1876 50.5000 36.9200 54.7040 34.3358 60.2696 74.3204 20.5814 57.4489 51.9604 
39.0830 50.0300 8.0300 14.8500 32.9100 82.5700 21.4000 0.0000 40.3600 31.3200 47.3500 70.5700 41.8500 35.8200 28.6000 75.8200 66.4700 48.5200 30.3700 51.5000 53.8400 15.9500 52.6200 48.8800 71.3200 71.1400 50.6600 47.7600 49.2900 33.1700 23.1400 44.5400 74.3800 14.5500 37.0500 46.8400 37.2600 65.1300 59.2900 31.8500 11.4500 0.3000 58.4510 50.2656 71.9191 14.5902 40.6830 81.0800 37.2364 57.8700 67.9704 
49.2144 60.0700 32.9900 53.3000 18.2200 93.1100 32.4500 39.8300 0.0000 17.2163 29.6331 84.5500 10.5077 41.2958 16.6400 66.9958 67.5858 14.7708 49.1732 82.0585 61.3858 42.6156 44.7458 88.7100 68.5386 49.6632 61.8300 9.9132 76.5900 29.0858 22.4363 84.3700 65.6458 45.0940 24.8258 45.4528 22.7475 58.2606 51.6206 13.6063 31.9464 40.1300 82.9500 69.3700 76.3055 54.4202 80.5130 101.5004 26.2206 89.6072 78.6433 
51.8121 65.6000 22.8000 41.5800 3.0300 99.7100 33.4600 30.7800 16.6500 0.0000 37.6429 90.0800 14.9520 46.2629 7.9929 77.3789 77.3688 22.6589 50.1832 80.0088 69.7021 38.9221 55.7745 79.6600 79.5388 61.5189 67.3600 25.3689 77.0088 35.7789 12.7821 75.3200 76.1289 39.8288 35.8545 53.0288 30.0089 67.8989 61.2689 5.3789 20.5588 31.0800 83.9600 70.3800 86.8321 45.3702 71.4630 105.1521 32.1107 88.6500 82.3921 
40.4212 45.3500 42.8900 61.7300 38.4700 75.7400 29.4800 46.8800 21.6300 36.1400 0.0000 68.5000 31.3120 32.5026 35.8352 48.5040 49.7600 34.8420 42.6352 69.8900 45.0500 37.6052 27.5520 92.0552 47.6100 31.1094 47.1100 25.1520 63.9200 18.5652 37.4934 85.8652 49.8768 40.7552 17.4252 25.4200 15.0528 41.0668 34.4268 35.2363 41.5752 47.1800 70.2800 56.7000 62.7368 60.0252 76.6652 84.4674 13.2252 77.2289 60.4774 
39.2900 24.0600 75.1500 77.5300 92.2900 12.9100 56.0300 70.3800 84.1200 89.2700 68.4900 0.0000 92.0200 45.0700 82.2500 54.0029 30.9378 95.8100 43.6916 29.8758 25.6478 58.8616 49.6778 79.3426 38.0678 75.5278 23.4016 88.7200 28.0126 59.0100 80.9400 72.2092 54.6378 59.4264 61.5400 45.2678 68.9100 50.4278 51.6678 87.0800 77.4700 70.6800 28.2186 26.4264 25.4787 72.4880 65.5806 21.5311 64.3000 33.7107 10.8978 
54.8392 67.8000 33.6700 53.3600 12.5800 101.2300 38.3000 41.3100 8.8300 12.4600 30.4000 91.8600 0.0000 49.4380 14.1722 75.8258 76.4158 10.4400 55.0232 87.7126 70.2158 47.2784 53.5758 90.1900 77.3686 56.7914 69.5600 17.0414 82.4400 35.4480 21.1384 85.8500 74.4758 47.2026 33.6558 52.6380 31.5775 66.2380 59.6180 13.1191 33.0188 41.6100 88.8000 75.2200 85.0880 55.9002 81.9930 108.0780 30.1080 95.7489 85.4192 
7.9186 20.3800 36.6500 48.4700 48.6000 54.2200 14.7600 35.4900 39.8400 45.5700 27.7800 44.4200 47.4400 0.0000 42.0970 43.9344 37.4586 52.0278 17.4460 43.7886 25.1415 24.9256 22.0800 74.3686 41.9945 47.9160 22.1400 44.2178 38.1786 20.9792 39.7806 66.9086 43.2745 27.2792 21.5757 15.4845 24.3678 34.2798 28.2952 47.2972 40.4573 35.7900 44.6686 31.1686 42.9386 48.9710 57.3486 61.2586 23.0027 50.3386 38.4986 
43.8192 58.4200 20.6300 40.7400 10.4300 92.4600 26.7600 28.0500 13.0000 7.4700 29.6500 82.2000 13.3700 38.2700 0.0000 70.0316 69.3759 22.4802 43.4832 73.5404 61.7092 33.1062 47.7816 76.9300 71.5459 56.5320 60.1800 22.4730 70.2604 32.1216 6.9662 72.5900 68.6816 33.0304 27.8616 45.0359 24.6974 61.2964 54.6564 5.2002 20.7600 28.3500 77.2600 63.6800 78.8392 42.6402 68.7330 97.1592 28.7147 82.0995 74.3992 
42.3392 39.0200 74.9900 89.0400 78.0700 50.7600 54.0600 75.4600 62.0300 75.4500 40.4200 50.4700 70.8200 40.6800 68.3100 0.0000 25.4904 71.0404 51.8904 68.7100 35.5804 60.7604 23.5404 107.9504 19.2804 27.9582 40.7800 61.3804 62.8104 44.9304 70.4200 100.2204 1.6704 65.0092 42.1700 32.4804 51.7804 13.8804 21.4464 73.5102 74.2038 75.7600 66.9592 60.0924 37.7174 84.8392 91.7692 68.9292 47.1680 76.1193 49.1674 
32.1986 18.6500 68.3400 77.4600 79.1900 28.9100 46.5400 66.1900 67.0400 76.2300 47.9500 26.0500 75.6000 31.8900 68.7700 24.6400 0.0000 81.8108 38.2142 45.7530 14.4942 53.2286 33.9500 89.4136 8.9400 52.5982 20.0736 73.1020 41.9965 50.1386 71.5606 83.2158 26.3104 54.2631 49.8386 31.3986 56.2578 29.5959 32.4414 73.9702 67.9023 66.4900 46.2528 38.2144 13.1216 74.6986 77.6068 43.4388 54.8366 55.0799 29.0580 
58.9186 71.1800 40.4900 60.2900 19.1200 104.0000 43.3300 48.0300 11.1900 19.3300 30.4200 95.2100 6.9600 51.0000 19.9800 70.4100 77.4400 0.0000 60.0532 92.9385 72.5758 53.0862 55.9358 96.9100 78.0300 53.8005 72.9400 14.0505 87.4700 40.2646 26.9462 92.5700 72.0804 53.0104 36.0158 55.8400 33.9375 65.1088 58.4688 20.0791 39.8888 48.3300 93.8300 80.2500 87.4955 62.6202 88.7130 112.2586 37.0680 96.5358 89.4986 
10.1249 19.9500 34.1600 40.3400 52.3400 52.8000 16.0800 30.1400 47.9200 49.3700 40.0500 41.0700 54.2500 13.4200 42.8200 51.6300 37.1400 58.9900 0.0000 32.8853 24.6688 17.6472 31.4349 63.5522 44.6149 58.0249 21.7100 54.6116 27.6110 27.1264 41.1006 55.9822 50.6249 16.0489 32.3749 23.9849 34.7616 41.4500 37.6549 48.0202 37.9673 30.4400 33.9710 20.3910 45.1449 37.7407 46.4022 61.3804 34.4422 40.9199 39.0204 
37.3048 29.4900 58.1500 54.0400 80.3100 41.7100 45.6000 51.3700 77.9400 77.4900 69.2300 29.2900 83.8200 41.4600 71.6400 68.2200 45.3000 88.9100 30.1700 0.0000 34.2515 46.7917 56.8442 52.8548 54.2400 83.1200 30.3317 84.7816 8.3817 57.0248 70.6206 45.2848 69.8904 46.2189 59.5548 49.9542 64.9316 63.1742 61.5542 76.8402 61.9573 51.6700 6.9510 15.5642 43.3268 55.5995 35.7048 33.0400 62.3148 9.3269 28.3868 
21.4890 4.4500 56.6500 63.9800 70.6100 32.2600 35.5300 53.5800 61.0200 67.5800 45.0200 23.5100 69.0200 22.0200 60.2800 35.0900 14.2100 72.0200 23.7200 33.1500 0.0000 41.0394 27.2863 74.9194 22.7880 54.5463 5.5794 64.7863 27.5023 38.5663 60.5506 68.7216 36.7604 39.7689 38.2663 19.8263 46.3878 33.1200 34.1611 65.4802 56.5499 53.8800 31.7586 26.6774 22.2464 61.4607 66.0698 41.2475 43.2643 40.8112 17.2575 
23.1330 34.8900 18.7100 28.5100 38.3000 68.2500 7.7600 15.6500 37.7100 35.4600 37.1200 56.5300 42.4000 20.0600 29.7300 60.5300 50.5600 48.0900 15.4800 42.0400 38.2200 0.0000 42.1400 55.9552 57.6230 63.8996 36.6500 47.6232 41.8752 25.5896 32.4352 49.8052 62.2004 4.6452 29.9936 35.5445 30.6282 53.3090 48.3552 34.9302 20.9888 15.9500 48.9910 35.8710 58.1530 26.3370 51.3258 73.3757 28.3414 51.3669 53.7130 
24.9327 26.2300 51.7200 66.0600 56.8900 53.2000 30.8500 52.2400 42.8600 54.0800 22.9600 47.1400 51.6100 18.4000 46.6900 23.2900 25.0100 52.8400 31.0100 54.4600 24.4300 37.6000 0.0000 90.4702 29.0948 30.8048 27.9900 48.1120 50.5985 26.1720 49.0724 83.0502 22.3248 42.2452 21.9120 10.2202 29.4924 13.5148 6.8748 51.6224 50.6634 52.5400 54.1692 48.1827 35.1848 63.9370 74.3627 65.6775 24.8024 63.7869 41.6875 
66.7749 70.2600 56.3300 37.7100 80.4600 89.3700 62.1300 48.8200 88.5100 78.7900 91.5900 76.9800 90.0000 69.5200 76.8400 107.6500 88.7200 96.7900 56.6500 47.7100 74.6900 54.4700 87.6300 0.0000 97.3324 114.6749 71.4100 96.5800 53.3800 78.8100 71.8773 10.0500 107.2749 56.2848 83.8548 80.2500 84.9982 98.1000 94.3049 80.5373 60.1373 49.1200 54.6610 58.0614 91.0368 44.3648 20.2048 80.7500 82.7114 54.6880 76.0968 
37.5941 25.5400 72.4900 82.9600 81.3000 32.9900 50.5900 71.0100 67.8600 78.4100 47.6100 32.3600 76.6000 35.8500 70.9500 18.2000 7.4500 77.7900 42.9100 52.7500 21.1000 55.3700 25.0100 95.7900 0.0000 46.1582 26.6794 70.3132 48.6023 48.1661 73.0116 89.8216 19.8704 58.8645 46.9220 29.4261 54.4628 22.4900 23.5532 76.1502 75.3523 71.3100 52.4870 45.6644 19.0190 80.0941 85.0568 50.8888 49.8124 60.4470 29.8870 
51.4786 53.6300 67.3400 85.5000 61.7300 75.5200 51.2100 70.6900 43.6900 59.7400 24.6900 72.2400 51.5900 43.5600 53.8400 27.4100 46.8800 49.0900 56.9700 82.1400 51.2500 58.9400 27.6800 112.4700 42.7800 0.0000 55.3900 43.3275 77.9985 40.5120 59.1462 108.7452 29.0804 63.5852 36.2520 37.9002 35.5062 36.0149 33.0234 57.2963 64.3700 70.9900 81.5692 74.7286 60.0016 84.7152 100.9086 90.3188 37.9152 91.3074 68.5075 
17.1186 1.7600 54.1200 60.0200 69.7500 33.1800 33.8000 50.4200 61.4800 66.7200 47.0200 22.7200 69.1500 21.7100 59.5800 40.4400 19.4100 72.6100 20.2900 27.9300 5.4700 35.4600 27.9900 69.3400 26.4800 55.3800 0.0000 65.9278 22.6085 36.8386 58.7686 66.8051 42.1104 36.3389 39.3686 25.2963 46.0778 38.5900 32.6613 64.7802 55.2986 50.7200 26.1792 21.0980 26.9312 58.0307 60.4904 41.3004 42.1286 35.9174 17.3104 
51.6486 63.4800 40.4900 60.8000 24.1500 95.6100 38.3000 47.2300 7.5100 23.1500 20.9600 87.3500 12.2600 43.7300 20.4300 60.7400 68.5100 9.6900 53.1300 83.2900 63.9500 44.1700 43.6900 95.8200 68.5200 39.7500 65.0000 0.0000 78.7300 29.7300 27.3962 91.7700 62.4104 48.8152 28.0570 46.2770 20.2470 57.2048 50.5648 21.1163 39.4564 47.5300 87.1010 73.5210 78.8748 61.8202 85.6232 104.0994 26.1294 92.0389 81.2075 
35.4849 23.4900 55.4500 53.4400 76.6700 39.0000 41.2000 49.1500 73.2800 73.7900 63.7000 26.1800 79.5000 35.9300 67.6500 62.3200 39.7300 84.3500 25.3600 6.0300 27.2300 38.4100 48.4700 51.3300 47.1600 76.1500 21.9500 78.3800 0.0000 51.7360 66.2206 44.1966 63.9860 41.4089 54.7060 43.7760 60.1216 56.9960 54.6113 72.8502 59.2573 49.4500 10.6784 9.3860 38.1786 49.4533 38.9021 38.6096 58.9327 13.3089 31.1097 
21.9986 34.2700 30.7400 47.4100 36.2800 67.6100 13.1100 32.7500 25.8000 33.3300 16.6200 58.3300 33.6400 14.0800 25.8700 44.6400 42.9200 36.9400 24.2200 54.1800 35.3800 20.8700 21.7100 75.2000 45.1900 38.3100 35.6800 29.7300 49.0000 0.0000 31.5858 70.6752 44.0348 25.5152 6.3900 27.2272 12.0058 35.2248 28.5848 31.0702 32.3304 33.0500 58.1910 44.6110 56.0416 45.0942 70.6222 75.3386 7.3158 62.3089 52.4488 
45.3986 57.1200 15.0000 35.0400 12.1700 91.2800 24.5300 22.6000 18.5700 9.3300 33.1800 80.5400 18.7200 37.4800 5.7100 70.3700 68.8300 25.5000 40.2600 68.1600 59.3600 26.1400 48.0300 71.3000 71.5800 57.7500 58.1500 26.0500 64.4900 26.4900 0.0000 67.1400 69.1900 30.7852 28.9554 45.9714 29.4454 60.3800 53.7400 9.8013 14.2054 22.9000 74.2310 60.6510 79.2340 37.1902 63.2830 98.5504 24.7554 77.4869 75.4604 
59.3549 62.3000 52.3100 35.2900 76.9600 81.5500 55.8100 44.4800 83.6200 75.0600 85.2800 69.0800 85.7700 62.3000 72.4600 99.9100 80.7300 92.4300 49.2300 39.8400 66.7200 48.2900 80.2500 8.0400 87.8200 105.5300 61.3600 90.7900 43.3300 68.7600 67.0800 0.0000 99.2848 46.2348 73.8048 73.2149 77.5448 90.6800 86.8849 76.3300 55.9300 44.7800 46.7910 48.0114 81.5086 34.3148 10.1548 72.8800 76.0758 44.6380 68.2268 
43.7792 37.8000 73.5700 87.6000 76.8200 50.3800 52.6300 74.0200 60.8900 74.1800 39.2900 49.7500 69.6800 39.2400 67.0300 1.4400 23.8200 69.3700 50.2200 67.0600 33.9100 59.0900 21.8700 106.2800 17.6100 27.0600 39.2400 59.7100 61.1400 43.2600 69.0400 98.5500 0.0000 63.7352 43.6100 30.8100 50.1100 12.2100 19.7760 72.2302 72.5334 74.3200 65.4192 58.4220 36.0470 85.4270 93.2092 67.2588 46.6724 74.4489 47.4970 
26.0149 35.7300 18.6600 26.1300 39.8700 68.5600 10.9000 14.3000 40.3600 37.1100 40.2800 56.5800 44.6800 22.3600 31.7600 63.0000 52.0600 50.5400 15.8900 40.5100 39.2900 3.1600 40.2400 51.3100 57.1500 62.0200 36.1500 46.9500 37.2300 24.0100 27.7900 45.1600 61.5600 0.0000 30.4000 37.8445 33.5231 53.7548 47.1148 36.2300 22.4673 14.6000 47.4610 36.2810 61.0349 21.6918 47.6256 68.7305 31.3258 49.8369 53.4604 
24.3886 35.9400 34.1000 51.3600 37.0400 68.5500 17.3700 36.6100 24.5800 34.1900 12.4900 59.8600 32.9200 16.4700 26.7900 42.1700 42.7600 35.4700 27.8100 57.4700 36.5600 25.1200 19.9200 79.4600 44.3300 34.2000 37.4600 27.5400 52.1300 4.2600 28.2500 73.0000 40.8200 28.2700 0.0000 20.8372 9.6880 33.4348 26.7948 31.8180 33.3480 36.9100 61.1386 47.6386 51.4797 49.3542 68.4380 77.3704 4.9980 64.7814 53.8175 
16.4934 20.4400 46.8200 59.8300 55.0000 50.6600 25.2200 46.4900 42.8800 52.0600 25.4200 43.0800 51.3400 11.4700 44.5900 29.2300 24.3400 53.5200 23.6000 47.5500 19.6300 31.3400 7.4600 80.2500 26.5100 34.7200 22.1800 44.9600 41.6100 18.7400 45.0700 72.8300 27.7900 33.7700 18.4400 0.0000 28.1280 20.9748 14.3348 49.7902 50.6273 46.7900 48.3592 39.7434 37.4616 55.4618 65.9234 59.0474 23.4380 54.9189 35.0574 
31.8086 43.6900 32.6500 51.6100 30.7100 76.3400 20.9800 36.7900 16.8500 28.0400 10.2400 67.6500 25.3500 23.8900 20.9300 47.4100 50.2500 27.6600 34.0800 64.1400 44.3700 28.2100 26.5100 82.4800 51.3800 34.8100 45.1900 19.8500 59.0100 10.0200 23.6400 76.4900 46.1500 31.3300 7.8100 26.0300 0.0000 40.0248 33.3848 26.1302 35.1036 37.0900 68.0136 54.4336 59.2897 51.3802 70.1936 84.7236 6.7536 72.3189 61.0874 
35.0934 30.9800 64.4000 78.3700 68.6000 49.6500 43.3800 64.7700 53.3800 65.8800 32.1000 46.6600 62.2100 30.0700 58.6100 10.6900 20.9900 62.5100 41.4500 60.4700 27.6000 49.8600 12.6800 97.8500 17.3000 25.9100 32.5800 52.9800 54.4600 34.2600 60.3200 90.2200 9.2500 52.3500 32.0700 18.6000 37.9000 0.0000 8.5656 63.8102 63.3434 65.0700 58.7592 53.6780 34.1116 74.0418 84.5234 64.4288 37.0680 67.7689 44.8575 
30.2634 30.0000 58.1900 72.7900 61.9600 53.1000 37.5400 58.9200 46.8800 59.2500 25.8100 48.6000 55.7100 25.0400 51.9800 16.8400 24.2100 56.2200 37.3400 59.1000 27.3600 44.3400 6.7400 93.9800 22.2200 23.9300 31.7100 46.7600 53.0700 27.8100 53.7300 86.5100 15.4500 46.9800 25.4800 13.7700 31.2800 6.6400 0.0000 56.4489 57.4034 59.2200 57.8892 51.9687 36.3420 68.6718 79.6934 66.3908 30.4780 66.1776 42.4008 
48.6792 63.2400 23.5100 43.0300 6.0800 97.2600 31.6000 31.3000 13.2100 3.6100 32.5500 87.0500 10.3300 43.0500 4.8600 72.0000 73.3200 17.2800 47.6500 76.3200 65.0600 34.3300 50.8300 79.8200 75.3100 56.1400 64.4200 19.9900 72.4000 30.4000 8.8300 75.7700 70.7500 36.2300 31.0100 49.0700 24.6300 62.5200 55.8900 0.0000 23.0354 31.6000 81.6210 68.0410 82.4897 45.8902 71.9830 102.0192 31.3836 85.6469 79.2592 
41.8730 53.0400 3.4300 23.7500 22.2400 86.8000 20.7000 10.9100 29.5800 19.9600 39.8300 75.2300 30.4500 35.3800 17.3000 72.8700 67.2300 37.2300 34.1600 59.4500 55.9900 18.7400 49.6700 59.5700 71.1000 64.3700 53.7700 37.0700 56.4500 28.3600 11.7400 55.3800 71.4700 19.2700 31.5100 45.1100 29.6000 62.3400 56.0400 20.4000 0.0000 11.2100 66.4010 54.5510 75.4040 25.5002 51.5930 88.0005 35.6758 68.7769 71.0804 
38.7830 49.9800 8.2700 14.7000 33.1500 82.4800 21.4700 0.2400 40.0600 31.0200 47.0500 70.2700 41.5500 35.5200 28.3000 75.5200 66.1700 48.2700 30.0700 51.2000 53.5400 15.6500 52.3200 48.5800 71.0200 70.8400 50.3600 47.4600 48.9900 32.8700 22.8400 44.2400 74.0800 14.2500 36.7500 46.5400 36.9600 64.8300 58.9900 31.5500 11.1500 0.0000 58.1510 49.9656 71.6191 14.2902 40.3830 81.3200 36.9364 57.5700 67.6704 
42.7749 27.6200 62.8800 60.0500 84.1800 35.3000 48.6000 56.4600 80.5200 81.2900 70.1600 23.1300 86.8800 42.5100 75.1200 65.2700 41.5300 91.6300 32.6500 6.6200 30.6800 45.9200 53.5800 54.0800 48.9500 81.1600 25.9200 85.4700 7.5200 55.9200 72.0100 46.2800 64.2000 44.7400 58.8800 47.0900 65.9400 58.2800 57.6200 79.8800 63.9400 56.3000 0.0000 16.9060 40.2520 56.9733 42.3248 36.8628 63.2358 11.3742 25.3120 
26.7375 16.8000 51.6000 52.1700 71.5700 38.2400 35.5000 45.9700 67.0900 68.6300 56.7000 25.4100 73.6400 28.9800 62.2100 55.8200 34.1200 78.2300 19.4200 13.1900 20.8300 33.6900 41.2800 55.1100 41.4500 68.9500 15.4000 71.9200 7.2200 42.3500 59.4300 47.0700 54.6000 33.0000 45.3200 34.3900 52.3700 47.6100 45.9900 67.0200 52.2400 45.8400 13.5800 0.0000 33.5017 46.0616 39.3924 41.4652 49.6658 20.5289 21.7237 
38.1190 21.0800 73.9600 81.0400 86.7300 19.4800 52.6000 70.9500 75.4800 83.7200 57.0000 18.3300 83.8900 38.4500 76.3100 32.5000 9.4400 86.0900 40.9800 42.3600 17.3800 55.5900 34.1600 88.2400 14.3000 56.1500 21.0400 77.3400 37.4300 50.6800 75.9000 80.2000 31.9000 56.6500 50.9700 32.6000 58.6300 30.2500 33.6500 80.9800 73.2000 70.9100 37.5300 33.1700 0.0000 78.3418 72.5624 34.6359 55.9680 48.1892 17.6292 
43.8249 52.9300 21.7700 8.0900 46.3000 82.4600 31.4300 14.2400 54.0600 44.4400 59.6000 69.6900 55.4200 43.1600 42.2400 83.8300 70.7900 62.1900 33.7000 45.9500 57.0500 23.9000 61.2600 34.6000 76.5900 82.5100 52.8400 61.4400 45.3700 44.2100 36.7100 30.6600 82.3900 21.0600 48.3600 54.6300 49.8100 73.2300 67.9900 45.2800 24.9700 14.0100 51.9600 44.2900 73.8800 0.0000 26.0928 78.9900 50.0760 51.2474 66.0137 
49.7849 53.2600 45.0400 30.3300 69.9100 74.5300 46.5700 37.0400 75.3000 67.8200 76.0000 61.8100 78.0000 52.7200 64.6300 90.5000 71.8100 84.5100 39.6600 33.0600 57.7000 39.1800 70.6700 17.1500 78.8000 95.9900 52.4000 82.3300 35.6900 59.4200 59.4300 9.5800 89.1300 36.0800 63.6500 63.2600 67.3900 80.7300 76.9600 68.2200 47.9000 36.8000 39.6700 38.6200 71.7700 24.1600 0.0000 66.1000 66.7358 41.0787 60.3437 
54.3186 38.7200 86.7000 86.1600 105.6000 16.7100 69.1400 81.0800 98.6000 102.6000 83.7400 15.4900 106.0600 58.7600 95.7600 64.8700 40.9800 109.7600 53.4300 33.0400 38.7400 68.5100 62.6100 78.7800 46.6700 87.5700 37.2000 102.1900 32.7200 72.8200 93.6100 71.3600 64.2700 68.0500 74.6500 58.3700 82.3900 61.8500 64.0300 100.6200 87.2000 80.9500 26.5200 35.1400 32.3700 78.0900 65.6900 0.0000 79.3286 37.8942 26.3878 
27.2486 39.3300 31.1300 49.2100 32.8500 72.3400 16.8700 34.3700 20.8100 30.0100 12.8400 63.3500 28.9500 19.3300 22.6100 46.1100 46.8700 31.8500 29.4100 59.4600 40.2200 24.3800 24.0800 78.8300 48.5200 36.3800 40.7900 24.4200 54.3200 5.3400 24.2700 72.6400 44.7800 27.5300 4.2000 22.5300 4.6900 36.1300 29.5100 26.8200 28.3500 34.5200 61.2600 47.6800 54.9800 46.8000 63.4400 77.9700 0.0000 67.6289 57.4775 
44.0148 34.9700 64.1900 58.7600 86.7200 41.9000 52.2600 57.1900 84.6300 83.9300 75.8300 30.3700 90.4500 48.0500 78.1900 73.1100 49.5100 95.5800 36.8800 6.7100 38.3000 48.5200 60.5000 48.1000 56.9300 88.1700 33.3200 90.0000 12.2100 60.8800 74.6100 40.5800 72.0100 46.8700 64.1400 53.7400 70.8400 65.8600 64.8800 82.8300 65.6300 57.0000 8.0100 19.4000 45.4900 50.7400 35.1100 30.8000 66.1600 0.0000 33.3220 
31.0786 15.2300 67.2500 71.0300 83.6800 19.7100 47.5700 62.9000 75.2700 80.6500 59.7600 8.8600 83.0400 35.6100 73.5300 44.6300 20.0400 86.3500 33.0900 27.5600 14.7500 48.5500 38.7800 74.2300 27.1700 64.6300 13.9600 78.5000 22.9700 49.4800 72.0200 66.2100 43.7400 48.8500 51.0100 34.3700 58.7900 39.5300 40.7700 78.3700 67.1500 62.8100 22.6000 19.9300 14.9400 63.3900 58.2000 23.9900 54.5000 30.5600 0.0000 
~
Delivery quantities;
1.84	58.94	85.31	1.62	46.35	63.19	12.79	31.24	57.23	9.15	55.82	34.90	89.47	14.24	80.43	59.17	9.05	11.18	39.17	5.49	91.21	27.30	66.21	41.85	3.14	90.78	10.52	94.95	28.98	4.43	56.48	69.43	59.88	37.58	30.42	86.46	47.17	31.96	89.69	73.81	85.37	79.06	92.08	85.29	92.69	56.67	14.94	93.61	35.53	26.99
~
Pick-up quantities;
1.10	36.43	88.70	1.07	40.48	79.23	17.15	32.58	83.89	4.96	59.78	31.66	104.39	16.80	108.84	32.48	11.04	12.71	57.71	4.33	136.03	39.77	52.17	47.35	4.37	115.67	12.08	90.52	21.35	6.25	39.64	76.52	37.51	32.62	20.37	61.71	50.82	29.57	96.33	51.37	110.68	51.93	49.60	109.45	120.93	36.01	8.37	130.46	20.25	15.45
~
Vehicle capacity; 
308.88	308.88	308.88	308.88	308.88	308.88	308.88	308.88	308.88	~


