Cost matrix;
0 51.6900 28.9700 36.7600 43.0500 51.0900 45.8500 34.2500 46.4600 41.7000 45.6100 57.6300 37.2000 42.1400 53.7100 50.9300 32.5100 44.0900 22.0500 54.6800 35.8200 42.4100 42.1500 44.3300 26.9500 48.1300 21.6800 36.8800 28.6400 28.8600 47.8400 8.9000 40.7100 16.5900 58.9600 61.8400 45.1800 43.1700 45.7000 26.3400 39.7500 49.8700 16.2000 35.0700 11.2900 66.1600 51.8500 30.1400 52.4200 17.4900 48.9500 
56.3152 0.0000 57.7300 89.7786 24.0680 101.8472 81.3600 70.1700 26.1960 18.8686 55.1586 36.0274 17.6272 37.4386 105.3572 94.5872 84.4386 61.6403 45.2772 38.0174 75.9500 73.8086 92.7472 93.7372 64.4372 64.6300 51.4100 52.5886 51.3586 29.1186 50.2206 61.3372 12.5172 61.3486 21.0074 96.0886 36.0706 14.9386 11.7594 64.1386 21.9986 28.0786 67.7786 51.4386 42.3586 102.6586 94.3386 82.7086 12.7674 69.9186 4.3186 
38.6987 57.7300 0.0000 53.1632 66.4546 50.8432 78.2732 67.3632 68.8846 45.6853 24.1040 82.9846 41.8746 34.4505 55.6732 39.3932 53.8072 15.8900 20.8196 84.6926 66.8732 20.3949 42.4932 41.6632 9.3232 22.2836 55.1650 71.5532 63.4532 57.2632 81.9632 31.2032 48.8670 50.0532 73.4522 93.9732 75.4100 60.0125 61.7950 8.6832 42.4353 50.8442 33.4457 72.1372 47.4515 99.8202 41.7456 52.4880 65.2122 45.2502 56.3616 
42.5952 88.1000 51.9600 0.0000 78.5646 30.1954 45.7365 39.6863 81.5146 82.7882 76.0640 88.9142 76.9288 81.4082 35.9120 47.8964 12.3552 67.8500 59.9382 85.0642 33.6265 65.8582 29.9088 31.1364 52.8782 74.2436 45.5646 61.3746 53.5346 66.7282 73.2746 34.8782 81.3882 33.8246 96.5434 60.8182 75.1842 82.3182 85.1682 52.5982 79.9890 90.5382 33.1782 60.4382 51.3482 61.9582 52.0948 10.9482 92.2331 24.5631 91.5452 
51.5036 21.8800 59.9500 76.1400 0.0000 97.9176 65.4168 54.9430 3.8170 32.0489 65.6000 20.6880 27.8689 48.2100 97.4953 96.0276 72.0230 70.4005 53.8986 18.2380 60.7230 80.3449 88.9176 90.8576 67.5578 76.5100 36.1830 35.8970 34.1968 21.1386 30.9852 55.7976 22.7589 49.4492 18.8458 78.8070 17.2770 15.3714 15.5940 66.9178 32.3400 43.8059 62.8876 36.6418 35.6976 84.0050 100.2260 69.2153 15.2428 66.8070 23.6332 
59.2454 100.8600 49.9800 28.2200 94.1200 0.0000 73.9565 66.7056 97.9370 88.2499 70.9344 109.2699 85.7399 79.9699 7.3788 27.6644 40.5752 62.4944 60.0199 106.0299 61.8465 47.4944 9.9299 10.9044 45.6928 68.8880 67.2688 83.0788 75.2388 82.5565 94.9788 50.4280 93.2005 55.5288 112.4765 87.7546 100.2869 96.6365 98.5169 46.3760 86.9705 98.4523 42.9880 83.9228 64.7465 90.1782 31.8628 39.1682 106.7190 45.5947 103.1599 
56.3381 79.8300 74.1100 41.9800 60.1500 70.1000 0.0000 12.8402 63.2596 83.0000 94.2620 64.7046 77.5592 87.5100 73.5041 87.1441 38.2741 90.0000 70.2520 60.3246 15.8641 90.2357 70.3669 73.1164 74.9856 96.3936 39.8546 35.9496 38.0470 58.1792 41.0346 52.7484 77.2296 33.9416 77.9496 18.3885 52.6696 70.7096 73.8896 75.1457 81.5600 92.6800 55.7257 34.0496 50.7000 27.6804 91.1657 42.3869 75.3928 41.0957 81.9288 
46.4451 69.7500 62.8000 37.0900 51.2100 64.1400 11.7800 0.0000 55.0270 71.4990 86.8709 60.0308 64.7190 83.2320 63.6900 76.3855 30.4749 78.6900 64.2620 55.7772 8.0649 77.3955 58.4600 62.9500 62.7255 85.0836 27.0144 33.5568 25.2068 45.3390 44.4125 40.1709 69.5562 25.8420 70.0558 30.1685 46.3008 65.9288 65.6369 62.3055 74.8197 84.4054 42.8855 33.5938 47.0154 39.4604 78.3255 30.4800 66.4528 28.2555 71.6270 
54.9736 22.2000 63.3000 79.2400 3.4700 97.5100 61.9300 53.3900 0.0000 35.3514 69.0700 17.8000 31.3114 51.6800 100.9653 97.4359 74.0942 73.8705 53.5190 16.8742 61.4549 82.7859 92.3876 94.3276 67.2559 79.9800 38.2542 35.7836 33.9297 24.6086 31.7540 59.2676 26.2289 51.5204 15.0288 78.0690 17.6040 16.6763 16.3614 67.9491 35.8100 47.2759 66.3576 33.8836 39.1676 87.4750 101.6343 72.6853 16.9344 68.8782 24.4006 
43.3680 17.3100 41.4200 78.3100 30.4800 87.3400 78.4400 67.2300 32.5700 0.0000 36.6075 48.0622 8.1480 19.2175 91.8975 78.0375 75.6075 43.8875 29.1175 48.4222 74.4775 55.6975 78.8775 79.2475 48.0175 47.5175 51.2875 55.5322 51.8275 29.9575 57.9822 49.9775 10.9622 55.2350 35.7283 96.2575 46.8576 22.3776 23.8902 47.5475 3.3475 12.9064 58.7567 57.1648 33.9150 102.7428 82.2359 73.5080 27.4883 60.8580 21.3885 
56.8057 53.5100 20.9600 72.8600 63.2600 69.3400 91.4100 79.7200 66.1300 36.3000 0.0000 81.9774 40.9425 20.9430 75.5800 56.9725 74.4700 14.3325 34.0942 81.4980 87.4500 31.4062 62.4100 61.5100 28.7900 14.9562 73.8844 75.3800 76.8992 62.1982 86.8300 52.1484 47.1882 70.9984 71.8837 107.4000 80.1282 57.8582 57.1882 29.6284 35.5882 34.0215 54.3909 73.4800 54.0144 116.2304 58.9595 73.4480 63.6437 66.1954 54.3290 
57.6300 33.5500 76.9400 87.3900 17.2400 108.0200 63.3300 56.9500 14.2400 46.3600 80.3700 0.0000 44.5468 65.4500 110.9286 108.5600 80.3486 87.6405 65.7886 4.5186 65.0149 97.0259 99.7800 101.9600 81.4959 93.7500 45.0784 33.4484 37.9084 35.7484 28.9784 66.5300 39.9989 56.6584 25.5420 76.3584 14.8284 29.5568 30.6014 82.1891 49.5800 59.2664 73.8300 33.2280 52.9376 86.1864 109.4800 80.3586 31.1744 74.5215 37.8686 
38.6880 16.4200 41.4600 73.9700 24.5800 84.9000 71.9900 60.8900 27.0100 6.7900 39.7500 41.1100 0.0000 25.9707 91.5552 77.7052 71.1980 50.6407 28.3152 42.8180 68.9549 61.8549 80.8380 83.0180 50.7832 54.2707 46.3540 51.7154 48.5754 25.7754 54.4806 47.5880 7.4606 53.2272 31.5776 90.3785 41.8570 18.1379 20.3886 50.1432 10.1007 19.6964 54.8880 52.5240 31.9072 94.5948 81.9036 68.8280 23.3376 56.1780 17.4200 
50.7395 35.7200 28.9500 75.6900 47.5700 78.5800 85.5500 73.8100 50.1200 18.6900 17.9000 64.2400 23.1300 0.0000 84.6232 68.3432 80.1280 32.2325 28.0280 65.8080 81.8749 48.8340 71.4432 70.6132 38.2732 32.3840 64.0420 74.2222 68.3820 48.6475 74.3606 59.6395 29.6522 65.4920 54.4183 103.9385 60.2106 41.0676 42.3524 37.6332 22.0375 18.4824 61.9564 73.8220 44.1720 113.2304 70.6956 80.8795 46.1783 68.2295 39.0816 
54.7842 104.3000 54.9000 26.8000 96.5300 5.7200 68.7100 63.6400 99.8800 91.2800 74.5900 109.8800 88.5400 83.2600 0.0000 33.3844 39.1552 68.2144 65.7399 108.6795 60.4265 53.2144 15.6499 16.6244 50.9193 70.8540 69.1895 85.1495 77.2595 83.6442 97.0495 56.1480 95.4942 57.5995 113.7442 80.3758 98.7995 97.9542 100.4842 50.2793 92.6905 98.2620 48.7080 83.7595 66.0742 88.7582 37.5828 37.7482 107.2042 43.6695 103.7342 
51.4393 93.5500 36.6300 44.8900 91.9500 23.2900 83.3700 74.8800 95.4200 77.8200 52.1100 107.8300 77.1300 65.0600 28.9200 0.0000 55.6544 44.7684 53.0784 106.1193 77.2244 28.5484 24.6744 19.9444 33.9384 43.4520 73.1193 88.3193 80.0793 80.2993 99.2793 47.8965 84.5906 66.5684 105.6700 101.7585 96.6193 92.8384 94.3484 34.4984 78.0784 81.3684 41.6884 86.5093 62.7293 101.1975 4.1984 55.8382 100.4676 55.3495 92.9916 
35.4468 82.6400 52.2400 8.5800 69.3200 36.2800 33.8400 28.5100 72.3100 74.1400 72.7100 79.7800 69.2900 73.4800 35.2600 50.9100 0.0000 68.1300 53.1028 76.5883 22.8582 59.0228 32.0928 36.5828 46.0428 71.3728 39.8928 54.7128 47.5428 59.8928 66.4828 28.0384 74.5528 28.3228 87.3388 50.2797 70.1128 75.4828 78.3328 45.7628 72.9826 83.7028 26.3428 53.6028 44.5128 55.1228 54.0128 4.1128 84.5628 19.6762 84.3968 
54.1059 61.0300 15.8900 67.0400 68.3500 60.8600 89.7000 78.2500 71.4400 43.7200 9.7500 85.6000 46.1700 26.3100 66.2600 42.6400 67.8800 0.0000 31.3944 86.5880 80.8871 22.8436 58.3832 57.5532 25.2132 6.3936 71.0550 85.1300 79.3432 61.6613 96.5800 47.0932 53.6306 65.9432 77.7476 108.0071 85.6270 64.3079 63.5544 24.5732 45.3382 42.0290 48.4150 83.2300 56.4944 110.8371 44.6270 68.3780 69.5076 56.2671 63.5900 
22.7115 44.1700 14.2600 54.1300 45.7800 58.9900 67.5500 55.8200 49.1000 28.7600 24.0100 62.8600 27.7600 21.5600 63.2400 49.3900 52.1000 24.7200 0.0000 64.0180 58.4742 34.1886 56.7532 55.9232 23.5832 31.1136 44.3915 54.8725 50.8419 36.6912 66.3225 31.6115 35.2206 38.8042 57.2600 84.5515 54.5904 40.3300 44.5096 22.9432 30.1509 39.1193 33.9284 52.9725 26.6319 88.8715 53.5884 52.8515 50.6370 40.2015 45.1800 
56.8672 35.2600 75.2000 83.5400 16.5800 104.6900 58.9000 52.6200 14.1800 46.7500 79.7500 4.4300 41.0900 64.1300 106.4100 105.2200 75.8300 84.5300 61.2700 0.0000 60.6849 95.4586 99.0172 101.1972 81.4359 90.9236 43.8844 32.2544 36.7144 34.5544 27.5847 65.7672 39.3389 55.4644 29.2088 75.1644 13.6344 30.8563 30.5414 82.1291 48.9200 59.6564 73.0672 32.6624 52.2776 84.9924 108.7172 75.8400 31.1144 73.3275 36.9667 
44.4168 75.9500 63.1700 30.8500 58.2200 58.6400 12.1100 7.8300 60.5500 72.1100 81.3300 64.6500 66.0300 77.0600 57.6400 71.2800 22.4100 78.9300 57.8500 60.3500 0.0000 75.2643 54.5028 58.9928 59.9243 83.8643 25.0308 37.4986 29.1486 53.1690 51.1826 36.8843 73.4906 25.9644 75.5788 27.4215 54.1308 69.8706 69.7328 60.7627 71.8413 85.0164 41.9761 37.8326 50.4644 37.2495 75.4784 26.5228 73.4628 34.2218 77.7720 
46.6510 72.4600 15.8100 56.2000 75.7500 45.6700 85.2600 74.5600 79.0900 55.5900 25.8200 92.7600 56.4800 40.3300 51.2400 26.4000 58.7700 16.2500 29.9900 90.9900 73.6400 0.0000 43.1495 38.4195 22.5496 22.6436 68.3310 83.5310 75.2910 66.6812 94.4910 44.4296 63.9406 63.2410 87.2500 101.0615 84.5804 70.3200 74.4996 21.9096 58.2453 58.2790 43.1500 81.7210 56.6219 110.8895 30.5984 62.8828 79.8176 58.4766 72.1716 
49.3155 91.7600 41.7600 24.1200 85.2000 9.1100 64.7400 57.7200 88.6000 78.3200 61.7200 99.3400 75.8100 70.0400 13.2200 21.3400 31.1300 53.6800 50.0900 96.1000 52.8900 39.3100 0.0000 6.1963 44.1515 60.0736 61.1848 77.1448 69.2548 72.6266 89.0448 40.4981 83.2706 49.5948 102.5466 80.3115 90.6866 86.7066 88.5870 44.6292 77.0406 88.5224 33.0581 75.7548 54.8166 86.0782 25.5384 35.0682 96.7891 35.6648 93.2300 
53.8465 92.7900 40.7300 28.8300 87.2900 9.3200 69.1900 61.8800 90.7200 78.7800 60.0300 101.8500 76.6500 69.4400 14.6800 16.7600 35.7100 51.5900 50.2200 98.7300 57.2800 36.5900 4.7300 0.0000 37.9552 57.9836 65.9148 81.8748 73.9848 77.3566 93.7748 44.4125 84.1106 54.3248 105.7488 82.1300 95.4166 90.5500 93.3170 38.7936 80.3709 87.9224 37.1316 80.4848 59.5466 90.7882 20.9584 39.7782 99.9876 40.3948 94.0700 
29.3755 63.3800 8.1500 44.6600 63.1700 41.9200 70.0800 59.2000 66.5900 47.7700 28.7900 79.7300 46.9600 36.7500 46.7900 30.1800 45.6800 22.3800 19.2100 77.5900 58.6600 15.5300 33.6200 32.7200 0.0000 26.4484 48.8584 63.7084 55.6084 49.4184 74.1184 23.3584 52.2184 42.2084 76.1584 86.0815 69.1284 59.2284 60.6884 0.8384 49.3609 55.2324 25.6009 64.2924 40.6655 91.9754 34.3784 49.7928 69.5354 37.4054 64.1724 
51.7515 64.6300 19.5500 69.7700 72.5100 61.9700 93.6000 82.2200 75.5700 47.3200 11.8700 89.7500 50.0500 29.4400 67.4700 42.6000 71.0000 4.3200 29.0400 88.7400 82.7200 16.4500 55.2000 52.7900 25.3300 0.0000 73.4315 83.9125 79.8819 65.7312 95.3625 48.6884 55.7700 67.5384 80.9100 110.1415 83.3850 66.4400 65.7700 26.1684 44.1700 45.8915 50.9309 82.0125 55.6719 115.1571 46.7984 72.0380 73.3876 60.5871 62.9108 
22.3304 51.4100 50.1500 43.4700 34.4600 65.9700 29.9500 18.7600 37.1400 48.5300 64.3400 43.9500 42.1400 56.3000 67.0900 70.7400 35.8400 64.4800 40.4200 40.0700 24.5400 64.0700 57.8900 61.1600 48.6300 68.6900 0.0000 16.6930 8.3430 30.8250 30.3770 31.2304 49.6006 13.2662 52.1688 48.3385 33.2750 47.9420 44.7020 48.6704 51.8775 61.4364 35.0066 17.0270 25.4336 57.6304 74.1804 37.7183 49.7028 30.6240 52.7412 
38.6204 49.3700 63.9100 58.1600 28.3700 81.9900 32.3600 25.3000 29.7900 52.0800 75.3500 31.6500 45.3000 64.2200 82.8400 86.9100 49.9900 77.0400 52.3400 27.3200 33.0400 78.6600 74.0700 77.4100 63.5000 81.3400 16.2900 0.0000 8.8650 25.9400 15.5350 44.2750 45.3650 28.3550 44.8188 47.0650 18.9924 38.8450 42.0250 63.1950 53.1050 64.9350 51.2966 2.1850 32.1315 55.9322 90.3640 52.8071 43.6128 44.3836 50.0642 
30.4304 48.6100 56.1500 51.0900 29.4800 74.0600 31.2200 21.7300 31.7100 48.5200 68.6600 36.7800 41.8300 58.7700 75.1200 78.5700 43.1900 69.7500 45.1800 32.7200 28.8600 70.6600 65.9900 69.2500 55.3900 74.0200 8.1000 8.3500 0.0000 27.1320 22.0340 36.1590 49.2906 21.3662 46.7388 49.6085 26.0804 40.7220 44.6886 56.2284 51.8675 61.4264 43.1066 8.6840 24.6942 55.9933 82.2804 45.8183 44.7228 36.6131 52.7278 
39.2496 26.7700 46.6200 63.2300 14.3800 79.9400 53.6800 43.1800 17.8400 26.1600 52.7800 30.5300 19.3800 39.3300 82.5200 77.6500 56.9900 56.5700 32.7600 28.5800 49.1900 62.4100 70.9800 72.9700 49.2100 60.8400 24.6600 25.9400 22.8000 0.0000 39.0906 44.3216 24.2172 37.9262 32.8688 72.0685 29.9156 22.5496 20.2979 50.0484 29.4807 39.0664 51.4116 28.1250 24.2216 75.6024 81.8484 61.1028 29.6228 55.2840 26.2880 
50.4104 49.0500 73.5700 69.8800 27.1800 93.9000 40.2300 35.5300 27.1800 55.5900 83.0100 23.6700 48.9700 70.1000 94.7400 98.3700 61.6100 85.7300 61.0800 19.2900 43.3500 88.7600 85.9400 89.2400 73.9200 90.0400 28.0800 11.9100 20.0000 30.7800 0.0000 56.1590 49.9389 40.2650 42.2088 49.8270 19.6685 42.5514 40.9500 74.7584 58.9375 68.4964 63.0866 14.0950 44.0415 59.6550 102.2604 64.7171 41.3916 56.2936 48.9892 
9.4340 60.0300 27.4400 29.6500 51.9400 42.1900 47.0700 36.1900 55.3400 48.8800 46.7000 66.3300 44.9800 46.5500 44.8700 43.1500 26.9600 43.3000 25.1400 63.2700 35.8100 38.3800 33.2600 35.5300 23.0400 46.9800 27.7600 43.8000 35.4500 37.7600 55.2300 0.0000 50.1440 26.0240 68.3940 63.2315 54.6140 52.6040 55.1340 23.8784 49.1840 59.3040 8.7792 42.9318 20.7240 68.6170 47.0322 26.8570 61.8540 14.0470 58.3840 
43.7980 11.5900 46.5400 77.3800 21.2700 89.3300 72.7900 62.0300 23.2900 9.2900 44.4900 37.1000 5.1100 27.4400 92.8400 82.0700 72.3200 51.1500 32.7600 37.4600 67.6000 61.5900 80.2300 81.2200 51.9200 54.9900 43.3000 44.5700 42.0200 19.2200 47.0200 48.8200 0.0000 55.2652 28.7480 91.0826 37.8066 14.1504 12.9280 52.7584 12.6375 21.4928 57.5992 46.2026 33.9452 94.8224 86.2684 73.9380 23.8240 61.2880 11.9540 
22.3965 59.3300 45.1500 31.9100 44.7400 54.4400 29.2600 17.7000 47.6900 53.3600 62.1700 55.4900 47.6400 57.3900 55.4100 60.7500 24.6300 60.5600 38.4200 51.6900 19.6700 57.4000 46.5800 50.0600 41.9200 64.5300 11.7400 27.5500 19.7100 32.9500 39.4500 19.1800 49.8600 0.0000 62.7188 47.0915 44.7581 55.4996 52.3887 41.3700 56.7075 66.2664 27.9592 28.3940 29.4216 51.1601 64.9484 24.4521 59.9828 20.6164 59.2380 
64.0133 17.5000 71.3700 93.2200 17.4000 109.9200 76.6300 68.2700 14.8800 33.8100 69.9900 18.9200 30.6700 52.5000 112.6700 105.6700 86.5900 76.8100 57.2100 22.0900 75.4300 86.7900 100.8800 102.6100 75.9100 80.6400 51.8600 44.3300 46.5900 30.2600 39.9200 67.8200 25.6600 62.0600 0.0000 89.7470 32.4840 19.1756 17.4956 76.7484 37.1575 45.4356 75.3973 46.5150 48.2073 99.5750 107.5856 86.5121 9.8056 74.1340 21.8186 
67.4904 93.1000 90.0100 53.7000 72.3700 81.7900 15.9900 27.7000 73.6500 93.2400 107.4000 72.5100 86.6400 101.2400 79.5800 97.1800 46.4400 105.6400 83.5300 68.1400 27.1500 100.8000 77.5100 82.1300 85.7700 109.5200 45.1600 44.0000 44.9900 67.7900 48.8500 62.8300 87.0100 45.2500 87.8500 0.0000 62.9924 82.8450 86.0250 86.6084 96.5875 105.8076 69.1261 46.1850 66.6900 9.8280 100.4528 50.5528 87.6128 55.9555 93.6054 
52.5804 35.0200 67.1100 73.7100 13.2900 94.8800 50.9000 43.6800 13.0400 43.0400 73.5000 13.7300 36.7100 59.0300 96.5500 95.9500 66.0600 77.4800 53.5200 9.8800 51.2800 82.8100 86.3300 89.0400 68.9300 81.7500 30.2500 18.6200 23.0800 20.9200 14.1500 53.6500 34.0600 41.8300 26.3500 61.5300 0.0000 27.4176 28.8840 69.7684 45.6300 55.5528 62.4292 19.3648 43.0440 71.3580 100.1484 66.2821 28.5328 59.6931 36.9232 
52.4795 11.6600 54.5400 78.7100 11.2200 93.7000 68.2400 58.3200 12.7300 19.9800 54.7100 26.3900 14.9900 38.0200 96.7000 88.7600 72.7300 60.8200 40.3300 26.8700 64.7000 70.0600 84.6100 86.1300 58.9800 64.8000 40.2000 37.7600 37.0200 15.8800 38.1600 51.8900 10.7200 48.8200 16.9300 81.4500 24.4800 0.0000 4.1796 59.8184 23.3275 32.2128 60.6692 39.9450 36.6735 91.2780 92.9584 73.2721 10.3070 65.9370 12.2188 
53.0228 8.4600 55.6300 81.5200 13.8000 95.9500 71.4800 61.5500 14.7400 18.9900 54.5900 27.6800 14.9500 37.4800 99.0700 90.3800 75.6500 61.1100 41.5400 28.6200 67.9100 70.9800 86.8500 88.2400 60.4300 65.0000 43.4000 40.9100 40.2600 18.9700 40.9500 54.3400 10.1000 51.8700 15.8200 84.6600 27.0800 3.2400 0.0000 60.4485 22.3375 30.9412 63.1192 43.0950 37.2168 94.4880 94.5784 75.5910 11.3812 62.7810 8.0392 
30.0155 62.8500 8.0400 44.4800 62.5400 42.1600 69.5900 58.6800 65.9700 47.2900 28.8100 79.1000 46.4300 36.4600 46.9900 30.7100 45.3900 22.5900 18.6900 76.9500 58.1900 16.1100 33.8100 32.9800 0.6400 25.6100 48.0200 62.8700 54.7700 48.5800 73.2800 22.5200 51.3800 41.3700 75.3200 85.2900 68.2900 58.3900 59.8500 0.0000 48.8409 54.9424 24.7625 63.4540 41.3055 91.1370 34.8450 49.3770 68.6970 36.5670 63.3340 
46.5180 20.4900 38.2300 76.1800 32.3400 84.5300 77.8900 66.5300 34.6500 3.2500 33.2600 48.6300 7.8300 15.8700 88.5500 74.6900 72.2600 40.5400 25.7700 48.7900 71.1300 52.3500 75.5300 75.9000 44.6700 44.1700 47.9400 52.5200 48.4800 26.6100 56.6800 46.6300 11.6000 52.1100 36.7400 92.9100 44.5400 22.2700 21.6000 44.2000 0.0000 16.1564 55.4092 54.7050 37.1650 102.2124 78.8884 73.4870 30.6108 60.6770 18.7408 
55.0415 25.7200 42.0200 85.4900 42.5300 90.9600 89.6500 78.2100 44.3500 12.4100 30.6500 57.7200 19.1300 13.5900 95.4000 78.4400 82.2600 39.6500 32.3300 58.4900 82.5700 53.9200 82.2000 81.9600 49.5200 42.4800 59.7200 64.3300 60.3900 38.3900 67.9900 55.8500 21.2800 63.3000 43.2100 104.7600 55.3100 31.6300 30.0400 49.1600 11.9100 0.0000 64.6292 66.5150 42.3998 112.7916 82.6384 80.7527 38.1241 67.9427 26.3736 
16.8740 66.3400 26.4000 26.3300 59.2200 35.0500 51.0300 40.8800 62.6400 54.1500 46.9600 73.7600 50.8200 49.5400 38.0400 36.0800 25.8400 42.1000 28.0400 70.7100 39.2300 34.5200 26.0300 28.1300 20.1700 45.3500 34.6600 50.8600 42.5200 44.9600 62.4100 7.4400 54.9500 25.0200 74.8700 66.3600 61.0900 58.7000 61.0300 19.8100 51.6600 60.0000 0.0000 50.3718 28.1640 75.3446 40.2784 29.9528 69.0070 20.7746 65.8240 
37.0604 48.3000 62.0200 57.0900 27.6000 80.5900 32.7400 25.0700 29.2100 50.5500 73.4800 31.9500 43.7700 62.4600 81.5400 85.2200 49.0000 75.1400 50.4500 27.6800 32.7100 76.7900 72.6000 75.8900 61.6400 79.4500 14.7300 1.9000 6.6800 24.3900 13.3500 42.0900 43.1800 26.1700 43.9000 44.8800 18.6200 36.6600 39.8400 61.0100 50.9200 62.7500 49.1900 0.0000 29.9465 53.7472 88.1790 50.6221 42.8428 43.2931 47.8792 
15.8060 40.7000 32.5500 47.4200 32.1600 62.2200 48.7500 37.0200 35.6000 32.3000 44.6400 47.5100 27.0400 36.8100 64.9700 60.3300 42.3200 45.5600 20.9700 44.9200 40.7100 47.7600 53.2200 55.1600 33.2300 49.8500 19.8700 31.5400 24.2100 17.8100 41.0400 20.1000 30.0400 21.3200 47.7300 64.4500 35.8700 31.8900 34.4600 32.5900 30.8600 41.9800 27.1900 29.6500 0.0000 72.4801 64.5284 43.2280 42.1970 33.2960 41.9940 
72.0665 99.7600 93.7000 53.8700 79.2500 81.4900 20.9700 32.6600 80.6300 99.2600 111.7600 79.7500 92.7400 106.4700 78.8100 98.2500 47.3500 109.4800 88.0900 75.3700 30.5500 103.6900 77.9600 82.6600 88.9700 113.2500 50.8600 50.8900 51.3700 74.1200 56.0800 66.3000 93.3200 49.6700 94.9200 7.2800 68.6300 88.1100 91.3300 88.5200 98.7800 110.5800 69.1700 51.6800 69.6700 0.0000 101.3628 51.4628 94.4928 55.1157 99.3692 
53.8040 93.0400 35.6800 47.7300 92.2200 26.5700 85.6500 76.9200 95.6800 77.0500 50.1600 108.3100 76.6400 63.7000 32.2000 3.2800 53.5300 40.5700 48.8800 105.8000 73.5500 24.3500 24.4200 19.9100 29.7400 40.2800 72.0800 88.1700 79.8200 77.9800 99.5200 44.3700 81.6400 62.3700 105.5700 99.6600 96.6400 88.6400 90.1500 30.3000 73.8800 77.1700 37.4900 86.4500 60.8800 100.8800 0.0000 55.8880 98.9470 58.2646 92.0416 
31.6470 80.9800 48.6000 7.7100 68.5300 33.7200 36.7600 30.4800 71.6000 71.8400 69.1800 79.6800 67.2100 70.4600 33.2100 47.3400 3.8800 64.1800 48.9900 75.8400 25.0100 54.9100 27.9800 32.4700 41.9300 67.2600 35.7800 50.6000 43.4300 55.7800 62.3700 23.9300 70.4400 24.2100 85.6700 49.8700 66.0000 71.3700 74.2200 41.6500 69.8500 79.5900 22.2300 49.4900 40.4000 51.0100 49.9000 0.0000 81.6770 18.8307 80.5970 
56.9360 10.3800 63.3200 87.6200 14.3800 103.0500 74.4500 65.2200 13.4400 25.6900 61.7900 23.2600 22.4400 44.3800 106.0200 97.9700 81.3900 68.5700 49.2200 25.2500 72.0000 78.6600 93.9700 95.5000 68.0700 72.4000 47.7800 42.7500 43.5400 24.4100 40.5800 61.1800 17.4200 57.1600 8.2400 86.7400 26.4400 9.3700 7.6900 67.4900 28.5700 35.6300 68.0400 41.9800 41.1300 93.6300 97.7800 80.1900 0.0000 70.4710 14.6986 
18.1896 68.2000 39.8200 19.9700 56.4600 40.5100 36.5200 26.9100 59.6400 59.1500 59.4400 68.6300 54.4300 58.8100 41.5900 48.1300 15.0200 55.7100 37.6600 65.0100 24.6200 49.1400 32.7200 36.3500 34.4700 59.2300 25.5200 41.4800 33.5900 43.3000 53.3800 12.7700 57.6300 13.9300 73.4000 51.7400 55.1300 58.7400 61.5500 34.0500 57.2400 67.2700 14.6300 40.0900 27.5900 54.5700 50.0700 12.8100 67.6700 0.0000 67.1396 
52.0880 3.0200 54.7200 85.4600 21.5300 97.9200 78.2200 67.9500 22.3200 14.5500 50.8400 34.5300 13.4000 33.1200 101.4000 90.5300 80.1200 58.2100 41.1500 35.8900 73.9800 69.4900 88.8200 89.8200 60.3500 61.8500 49.4600 48.2700 47.0400 24.8000 48.6700 57.2200 8.6000 57.0300 19.6000 91.7700 34.8100 10.6200 7.7300 59.8200 17.6800 23.7600 63.4600 47.1200 38.0400 98.3400 90.0200 78.3900 11.8700 65.6000 0.0000 
~
Delivery quantities;
27.08	52.46	20.22	19.76	25.38	47.00	98.16	43.83	38.69	27.67	15.57	53.96	0.39	66.08	26.89	33.08	45.06	10.32	46.34	72.59	85.73	61.93	27.07	2.31	54.50	28.34	45.62	40.95	24.28	42.48	32.13	67.08	69.26	56.97	27.80	62.45	93.26	9.58	22.81	98.96	39.66	66.32	94.02	94.53	35.41	36.77	48.08	53.55	53.72	15.42
~
Pick-up quantities;
18.40	47.69	11.59	22.77	24.42	36.98	56.96	47.74	50.50	35.68	20.29	29.53	0.31	82.69	13.67	49.12	62.67	15.37	67.76	82.19	127.58	90.55	29.24	1.62	63.75	17.06	30.51	41.33	20.87	29.66	39.45	40.16	95.33	75.04	25.43	62.03	105.79	9.11	21.00	121.70	23.76	92.78	122.13	74.47	20.41	35.44	35.84	55.65	71.74	12.70
~
Vehicle capacity; 
282.69	282.69	282.69	282.69	282.69	282.69	282.69	282.69	282.69	~


