Cost matrix;
0 35.6900 38.5500 40.5500 41.2700 51.9300 48.5300 48.4300 48.2600 10.1100 28.2400 26.0400 26.0500 45.9300 43.3400 45.0900 37.8200 55.8400 52.4200 19.0600 64.5500 31.0900 31.6100 29.5500 28.2100 1.4500 29.0800 41.2700 44.5700 38.0900 44.1100 37.1500 55.5300 15.4800 41.4500 38.0700 33.5000 37.9700 45.4000 47.7200 57.2900 30.0600 56.0200 58.1300 25.2100 51.6100 44.7700 43.4300 53.6800 50.0500 38.5200 
37.1324 0.0000 33.7300 67.2200 52.8080 81.8600 83.8400 64.7480 14.8562 37.5800 21.8127 61.7100 44.3700 23.8129 69.0600 80.5800 30.6300 88.1500 41.7585 42.6600 36.1660 42.0600 65.6800 65.2200 64.2900 36.3000 7.1800 39.2511 21.9329 72.3369 27.6380 27.4300 92.6624 27.3184 77.9484 56.0784 66.1569 74.4284 67.0284 17.8220 56.7486 34.6380 56.7205 87.0127 13.6184 29.2584 54.3328 75.5099 46.9857 82.8150 64.5578 
43.8575 33.7300 0.0000 80.8650 19.1211 59.1511 72.7650 31.1711 47.4720 49.1650 22.5170 54.6650 62.0948 57.5429 83.6050 80.4650 58.9984 92.7400 75.2550 57.9450 43.6506 65.5850 54.0550 64.1950 58.8050 41.7550 37.6750 5.5211 55.6629 58.4950 27.8712 56.9550 90.5450 44.9850 78.7350 75.6550 52.3150 75.5050 84.5750 47.1420 85.1170 10.2850 86.8368 63.3316 40.7668 43.5390 83.8578 52.2612 75.6135 57.4910 79.0628 
45.4867 67.1000 79.0800 0.0000 85.5942 77.8226 61.5696 91.0842 79.7884 35.7942 68.9070 48.3396 24.6584 67.6042 4.3014 36.3744 51.4042 35.9832 57.4442 27.2470 102.6342 31.0942 56.3096 35.7696 45.6528 43.3842 62.1842 84.6011 67.3542 64.2640 84.9542 56.0142 46.6942 44.0942 30.9042 21.1642 58.2726 31.0716 16.3342 77.1242 51.1342 74.5942 49.0742 87.9254 57.1642 88.8242 40.3742 70.8254 60.6742 80.8011 6.3042 
47.3539 48.1700 16.3000 80.5400 0.0000 44.0007 60.1307 15.8848 57.0651 54.0214 33.4351 54.2400 69.9814 67.5051 84.3956 79.0220 69.8051 92.5558 84.7451 62.9214 58.8320 74.0151 52.0507 62.7220 60.0000 45.2514 47.7051 18.6320 65.6351 48.5607 39.9351 65.3851 87.2264 53.4151 81.6808 84.0851 47.4907 78.3110 92.7539 60.2351 93.2000 18.7151 95.2669 50.2290 49.1969 50.7104 92.1239 35.4207 85.8855 43.6527 84.8192 
57.6993 78.8600 55.1600 75.8200 40.7000 0.0000 32.3977 33.4568 92.7620 62.5605 67.7620 34.5568 76.6105 98.2078 80.1214 58.4647 90.8526 78.4568 105.6926 69.0105 95.9620 83.7905 25.6368 46.5719 38.0519 55.7305 78.3378 55.9820 96.5478 24.0647 75.8820 90.3026 66.3078 68.4726 61.6105 86.6905 21.7005 61.5378 90.5598 95.0520 112.0905 55.1120 111.0078 15.3873 76.4578 88.2020 99.6278 12.0978 110.4920 7.4120 82.1242 
51.2400 82.4900 68.2500 57.7800 57.6100 25.5100 0.0000 57.4167 97.3462 54.5010 73.6567 25.2000 65.5610 96.6910 62.0814 35.9652 86.6610 55.6295 99.8910 58.4510 106.5058 73.6010 25.5285 31.3110 22.7910 52.6900 80.3200 69.9967 95.8100 19.7880 84.9558 88.3900 47.1138 66.6999 39.0095 76.7710 22.4867 35.4795 74.1142 98.9600 103.4762 67.4784 101.5115 39.5304 76.3256 98.6271 90.5162 31.3817 104.9200 32.9220 64.0842 
53.8425 60.2300 28.6500 85.2700 12.4100 32.1700 53.0500 0.0000 69.4751 60.5100 45.8451 50.4458 76.4700 79.9151 89.5714 74.5058 82.2151 94.6358 97.1551 69.4100 67.3208 81.7000 41.8458 62.3658 53.8558 51.7400 60.1151 31.0420 78.0451 41.5380 52.3451 77.7951 82.3958 65.8251 76.9358 91.9125 37.0258 77.9548 99.2425 72.6451 105.6100 31.1251 107.6769 34.3442 61.6069 63.1204 98.6125 28.6400 98.2955 28.0560 91.3078 
49.7224 12.5900 39.5600 78.6000 55.4100 89.3800 94.5700 67.8000 0.0000 50.1700 33.3634 74.3000 56.9600 20.1234 81.6500 93.1700 35.0134 100.7400 43.3434 55.2500 27.1245 53.1534 78.2700 77.8100 76.6489 48.8900 19.7700 45.0811 18.8934 84.9269 30.7212 28.7934 105.2255 39.9084 89.4355 65.7234 78.7469 87.0184 77.2634 5.9534 61.0806 47.2280 62.9091 98.5634 26.2084 18.1412 55.6962 88.0999 45.0301 95.4050 77.1478 
10.5144 37.5500 47.3200 32.2600 51.2500 60.0300 52.9700 58.5200 49.9600 0.0000 36.4763 35.4239 18.0245 48.6715 36.5614 48.3544 33.1351 56.4745 51.5311 10.3845 72.4115 23.9982 41.3339 32.0544 37.3739 9.3839 31.9415 51.7844 47.0615 48.6044 54.6015 39.4476 58.5812 17.6176 43.0212 34.1153 44.0144 39.4912 42.3123 49.7115 50.0889 40.4352 53.0149 68.6444 26.9115 61.4427 42.4497 53.9444 50.6966 60.5644 32.2823 
38.1240 15.4700 19.5800 66.1900 32.8700 64.3300 70.5700 44.8000 25.0600 34.0900 0.0000 50.8674 46.9886 37.9552 70.4914 76.0000 41.5037 90.5645 56.4037 44.4745 38.7904 50.7637 60.1092 61.8600 53.3400 36.9684 21.7412 25.1011 36.0752 64.5492 18.1252 37.1537 88.1104 31.4394 77.1112 57.0700 58.3692 73.5812 73.3342 31.0134 67.0237 16.3392 66.6037 65.2000 20.5337 24.9704 64.0565 68.2907 53.0965 64.5162 66.3723 
26.0400 60.6400 51.5400 43.7200 45.2000 32.4100 22.5000 45.5500 72.9400 30.8900 49.8700 0.0000 44.2478 71.9700 48.0214 28.4200 63.8600 46.2528 78.4600 36.6078 88.6604 53.7386 12.0420 13.0728 5.7600 27.4900 55.1200 57.0611 70.6100 19.9964 67.9952 63.1900 40.5304 41.5200 31.2480 58.3083 14.4936 28.6618 60.0542 73.7600 80.9789 56.1000 79.6683 44.1464 51.2500 74.8404 68.6730 27.0464 79.7200 36.5967 50.0242 
26.4844 44.0500 61.4800 23.7100 66.8900 74.4200 63.7000 74.4700 55.1300 15.9700 45.6200 43.2700 0.0000 46.2224 26.5848 51.6632 29.8624 54.7232 37.3932 8.6332 78.9776 9.5424 55.3120 48.0244 49.0300 25.3539 40.9090 67.0011 47.8772 63.2664 63.7452 36.4872 60.1348 26.4404 44.3448 16.0908 57.7636 45.9558 31.7667 60.8078 40.2727 56.4052 38.1827 84.4632 38.0078 65.1576 28.5898 67.3632 40.9240 76.5344 24.6610 
49.0085 19.1500 52.8700 66.4000 66.9500 94.6300 94.4600 78.7800 19.8300 43.4600 34.0800 71.9700 42.8600 0.0000 69.3960 88.3760 19.2360 92.0760 26.8460 46.3360 46.0060 38.8260 77.8460 74.7460 74.8760 46.9060 20.8460 57.2460 2.2560 84.6490 42.6953 13.8738 100.4864 36.2032 86.4812 53.2242 79.3090 82.9512 68.1503 17.0040 43.3067 50.4192 44.4667 99.0290 22.8090 36.9180 40.7766 91.6742 24.9067 98.5962 67.5210 
44.2068 68.8900 81.8100 3.2100 83.5600 78.9900 60.7100 88.4100 80.1900 34.7800 68.5400 46.9200 25.0800 67.3700 0.0000 37.2956 52.4211 35.7981 56.7511 29.0324 104.0576 32.5624 58.9620 38.9796 48.8628 44.0055 63.6524 85.4768 68.8224 66.9164 86.4224 57.4824 43.7850 45.4064 29.7856 20.3111 61.4136 31.4525 16.1865 78.5924 52.6024 74.2668 50.5424 91.0664 58.6324 90.2376 41.8424 73.9664 61.9783 83.5167 7.7724 
45.5409 80.4200 77.8600 33.6800 72.3600 51.4300 27.8800 72.0600 93.0100 43.8300 72.8300 27.1600 47.7800 87.0600 36.0900 0.0000 75.1700 25.2700 85.1600 44.3900 110.0909 56.9500 39.0054 19.3970 26.9654 45.1656 74.6209 83.3811 88.0900 39.9040 89.6509 77.8100 12.1104 58.5600 7.5100 53.7196 41.6536 12.1696 50.0142 93.2609 84.8142 75.6009 82.7542 66.8173 70.7415 97.1509 74.0542 54.2064 88.7040 58.8420 39.9842 
41.2238 27.1900 57.2800 50.3600 68.6600 89.4600 85.0800 79.3300 33.9200 32.1700 37.7700 62.8000 27.3600 16.7400 51.0900 73.8900 0.0000 77.2586 18.3960 31.1686 59.3348 24.9936 72.8338 64.2244 68.5600 41.5539 24.7648 62.8011 18.0148 79.3138 48.9448 6.6248 86.0004 27.5274 71.7048 39.3918 74.7238 71.6612 55.6260 31.9772 26.1186 54.1092 29.0446 99.3538 27.8984 52.0612 27.1986 84.6538 21.7192 91.2738 52.0210 
61.2844 88.1500 92.7400 25.5200 89.8600 72.6700 49.0600 91.2100 100.3500 50.7700 83.9300 45.6700 47.6400 90.3500 26.1300 21.3200 74.9600 0.0000 82.8811 52.7670 122.7204 56.6142 57.7120 38.0860 46.4660 60.1539 82.7115 98.2611 92.6060 60.2116 102.0552 81.5342 22.9277 68.3876 24.6864 46.4411 60.1636 24.9860 39.3016 100.4815 76.6542 89.5700 74.5942 85.6828 77.6815 108.9004 65.8942 72.7164 86.1942 76.0328 31.8242 
53.9926 39.7700 71.8100 56.6600 83.7900 104.3100 98.4000 94.6100 43.0300 45.6000 52.2300 76.4900 36.6600 23.2200 56.5500 84.4400 15.3300 82.1400 0.0000 45.2932 69.2260 32.1594 84.6522 77.6544 80.2222 52.7222 40.0948 77.3311 25.4760 91.1522 64.2748 21.9548 93.7200 37.5922 78.1600 39.3552 87.4328 74.6300 49.6220 40.2240 17.7372 68.5692 19.5657 112.1226 40.8472 59.4472 20.5920 96.7479 5.2272 104.0426 54.5124 
19.5444 42.6200 56.0400 24.7700 60.2700 66.8000 56.8000 67.3600 54.5000 9.0300 41.6600 35.8900 7.6400 44.7900 26.9400 43.0300 30.8600 46.0900 42.2000 0.0000 78.7860 17.1308 47.9320 41.0844 41.6500 18.3768 40.9715 60.8144 47.0460 55.8864 59.7852 37.4848 55.1404 22.3212 50.5256 23.7308 50.3836 48.3120 31.9278 58.3312 45.0252 49.4652 43.0605 75.8300 35.9415 66.6304 32.0652 58.7300 47.4272 69.5944 21.8978 
70.9324 33.8000 38.2900 100.3200 53.7500 93.4500 104.7800 65.3600 25.3500 69.2500 36.4000 85.4400 77.7000 44.9900 102.2800 109.2100 59.0700 119.8500 68.1900 75.5800 0.0000 75.8600 92.3450 98.2600 89.7400 70.1000 40.9800 43.8111 44.1875 96.7850 28.4460 54.1434 121.3204 61.1184 111.7484 88.3548 90.6050 108.2284 100.8284 31.3034 83.7088 48.5750 86.6348 99.7042 47.4184 20.5918 81.0462 89.1707 69.8967 93.4160 97.4778 
32.1344 41.1600 63.1000 30.0800 70.3800 81.4500 71.9000 78.9400 51.1200 21.6200 45.6300 51.0000 8.5200 36.6800 30.7800 56.2500 20.3200 54.9900 28.2100 15.1600 74.9300 0.0000 62.9539 49.1715 56.7600 31.0039 37.6704 68.6211 38.3348 70.2244 63.7552 26.9448 68.3604 30.2820 52.8648 14.3982 65.4936 53.3830 30.6324 52.2972 30.8112 61.9692 30.4474 90.2644 40.2059 69.2612 19.0474 73.8900 33.4372 82.1844 29.5554 
34.9600 64.0400 49.9500 52.5900 41.0200 23.5200 18.9100 39.2900 75.9300 38.0900 51.7200 8.9200 51.5000 77.0700 55.7800 32.8700 69.2900 52.8200 83.4900 43.9700 85.9400 58.9400 0.0000 21.9928 14.6800 36.4100 62.2877 54.5954 77.4077 7.9544 69.8452 72.1100 44.7554 50.4400 38.6210 67.2283 7.0854 37.5818 64.9230 80.0577 88.1280 56.0256 87.0305 35.9408 57.2577 76.6904 76.0352 19.6382 87.5500 26.2908 58.8942 
38.6100 65.2200 61.6700 33.1200 57.0200 42.9800 25.8000 58.0500 77.8000 30.2400 56.7800 12.5700 38.4300 73.6100 36.2400 16.3000 61.9900 33.1800 74.2100 32.0300 93.1100 46.8300 20.5400 0.0000 9.8832 38.4636 62.1815 67.1911 75.8660 28.4944 74.9052 68.6148 28.4104 47.8576 18.9588 45.4600 27.0636 15.5890 47.6176 79.9515 77.0552 68.6700 75.0905 56.4808 57.1515 81.7504 64.0952 39.6164 79.3540 46.8308 37.5876 
30.5400 63.4600 55.8200 40.9100 49.7000 34.9100 21.3000 49.9200 75.8900 31.7100 53.3400 4.5000 42.7700 73.9000 44.0800 22.6600 63.8700 41.3600 77.1000 35.6600 89.1900 50.8100 12.0400 8.5200 0.0000 31.9900 59.6200 59.6610 74.2189 19.9944 69.0948 65.7389 34.7704 43.9089 25.4880 53.9800 17.8398 24.1090 55.7242 78.2600 80.6852 60.6000 78.7205 47.4926 55.7500 78.3104 67.7252 30.3926 82.3272 38.3308 46.1076 
2.1025 36.3000 39.9700 39.1300 42.6900 52.6500 48.5400 49.7500 48.8900 8.7700 29.3400 26.0400 24.7300 45.9700 41.9100 44.2800 37.3600 54.6500 51.8100 17.6700 65.5800 29.9600 31.9500 28.9200 27.9900 0.0000 31.1825 43.3725 46.6725 39.9044 46.2125 39.2295 56.3904 17.3995 42.8982 40.1725 34.7106 40.0725 47.5025 49.8225 56.3600 32.1625 58.1225 60.2325 27.3125 53.7125 46.8725 45.5325 55.7825 52.1525 39.5678 
29.9524 7.1800 34.2500 60.0400 47.1100 74.6800 76.6600 58.6700 19.5900 30.4000 14.6900 54.5300 37.1900 20.3800 61.8800 73.5000 23.4500 80.9700 37.5800 35.4800 40.5100 34.8800 58.5000 58.4800 57.1300 29.5800 0.0000 39.7711 19.1477 66.4544 32.8152 23.0584 85.4824 20.1384 70.7684 48.8984 62.9384 67.2484 59.8484 23.4990 49.5686 31.0292 49.5405 79.8900 6.4384 36.4384 49.9612 73.3824 42.3775 79.2062 57.3778 
44.8125 37.7200 4.0300 81.8200 13.6000 53.6300 68.1100 25.6500 43.2000 50.3400 23.6000 52.4500 64.8200 56.8600 84.6100 79.1300 61.2700 94.6600 75.8300 59.1700 40.2000 66.7100 50.1800 63.0600 56.8200 42.7100 38.2700 0.0000 57.4177 53.5600 30.4152 60.7537 91.2404 49.0150 80.4327 79.6850 48.4602 78.6490 88.6050 49.1534 87.3886 14.3150 87.8105 57.8105 44.1337 47.5690 79.8512 49.0207 76.6965 51.9699 81.0678 
46.7525 17.2700 50.9900 66.0900 65.0800 92.9600 93.0800 76.9200 18.4800 42.4200 32.2100 70.6100 42.4600 1.8800 67.1400 86.1200 16.9800 89.8200 24.5900 44.0800 43.7500 36.5700 75.5900 72.4900 72.6200 44.6500 18.5900 54.9900 0.0000 82.3930 44.5753 11.6178 98.2304 33.9472 84.8830 50.9682 77.0530 81.3630 67.0107 18.3748 42.3272 48.5492 44.1557 96.7730 20.5530 34.6620 38.5206 89.4182 26.7867 96.7262 65.9778 
40.5525 69.9600 53.7500 57.4900 43.2000 18.3700 14.5500 39.5600 81.6800 44.5900 57.1600 14.6300 57.7600 83.4000 60.6600 34.4000 75.8000 55.2400 90.0100 50.2900 90.6000 65.3200 6.5200 24.6200 16.6000 38.4500 64.6100 53.5600 81.9000 0.0000 71.8674 77.6795 46.5104 55.8495 41.9100 70.0800 8.8374 40.2090 71.4430 86.5777 94.6480 52.5489 93.3505 33.7573 63.7777 81.9774 82.3552 18.5274 94.0700 25.7820 62.2076 
47.3625 21.2600 18.9600 82.0900 35.2600 73.1300 83.2900 47.5700 22.2400 50.0900 16.0400 63.9400 60.8800 39.1700 84.3700 88.1500 48.3000 99.9000 60.9500 57.4300 21.5500 59.8900 64.4300 71.9400 67.7400 45.2600 25.5200 22.0400 37.4100 69.1900 0.0000 48.5784 100.2604 45.6584 88.1582 73.1100 64.9476 85.3325 82.4500 28.1934 74.4186 22.9176 75.0605 79.0962 31.9584 17.3604 75.4812 70.6807 60.6084 71.0946 79.3278 
39.0225 21.1000 52.3500 54.7900 64.5600 87.8800 85.3500 75.6500 27.5900 33.1100 32.7700 62.8700 31.2500 11.6100 55.7800 76.1700 6.3700 78.8000 19.4600 33.4900 52.7100 25.1800 68.7400 63.3300 64.3800 36.9200 18.1400 56.3700 11.3900 75.2000 42.3200 0.0000 88.2804 31.2169 75.5948 39.5782 71.6306 72.6012 55.8124 25.3524 32.4886 49.1092 35.4146 93.9420 21.2736 45.7312 26.9028 82.4525 24.6872 89.0725 54.7354 
55.9809 90.8200 87.8000 39.8400 81.5200 56.8100 31.6200 80.2900 103.4000 54.0300 83.2400 36.5500 56.8000 97.0400 41.7000 10.4400 83.4400 20.2900 93.3300 52.6400 119.6100 65.1400 41.0600 26.5700 32.1200 54.7200 83.8700 88.9200 96.1600 41.3500 98.5000 86.0100 0.0000 69.0000 17.9500 61.0042 48.1454 22.6096 56.1742 103.7009 90.9742 81.0626 88.9142 71.1504 80.9415 107.5909 80.2142 59.8774 97.7240 64.2220 46.1442 
17.2325 25.8400 42.5200 41.6400 50.2600 67.1300 63.5200 59.6000 38.0000 12.3200 25.7700 41.0400 19.8800 31.4600 43.6600 56.1400 22.3800 62.3600 37.2200 16.9100 58.6800 20.6000 47.0600 42.1800 42.6300 15.1300 18.6700 46.1100 30.3100 53.5600 41.0600 21.8300 66.3500 0.0000 55.3412 34.9982 49.8406 51.8112 41.8948 36.0100 48.4986 40.5990 51.0474 75.3625 18.9060 46.2676 39.6474 59.1557 42.4472 67.2825 38.8078 
42.5725 76.0300 76.4600 26.1900 72.5200 55.7200 33.7100 73.4900 88.5500 38.7700 69.6300 27.9400 41.0600 81.4200 28.6400 7.5100 67.6600 17.7600 77.6500 36.8800 105.9900 49.4400 35.1100 15.5400 23.6000 40.4700 68.9700 78.0900 80.5800 37.8700 85.3100 70.3000 15.7900 51.0500 0.0000 46.2096 41.4398 4.6596 42.5242 87.0600 77.3242 72.6325 75.2642 68.2199 64.9733 94.1825 66.5642 53.9926 81.9840 58.5699 32.4942 
38.4744 53.6800 73.5100 20.3700 79.0600 84.5300 71.2600 86.4500 63.7400 27.9600 57.0700 52.5300 12.1900 48.7900 20.1100 51.3600 32.1100 45.8800 36.4400 19.1100 87.4800 12.6300 61.1800 45.4600 51.2500 36.7100 47.2400 76.9100 48.8200 67.1600 71.8800 37.4700 59.0000 31.3700 44.0100 0.0000 67.0236 43.7472 16.9932 62.8224 35.4474 66.0237 33.8874 94.9400 50.1978 77.3476 22.4874 77.8400 41.6672 87.4708 15.1572 
36.1325 64.2300 47.6200 57.1300 37.5300 19.5500 20.6300 34.9300 75.8100 40.8600 51.1700 13.4200 54.9100 78.1800 60.3300 37.4800 71.3200 57.6100 85.8300 47.3100 84.4300 62.0900 4.8200 25.3400 16.8300 34.0300 59.0700 47.5100 76.6300 6.1800 63.0300 70.3800 45.3700 48.9600 39.9100 64.9900 0.0000 40.9290 69.7430 81.7634 90.3900 54.6390 90.3705 29.6528 61.3425 76.1404 79.3752 12.5528 89.8125 22.5285 62.9276 
39.0825 72.5000 73.2800 24.6600 69.7500 54.6900 33.7900 71.1400 85.0300 35.2600 66.1700 25.6600 37.9800 78.0000 27.3500 9.8900 64.3800 20.1500 74.6300 33.5500 102.5200 46.4200 33.3000 13.1000 21.4800 36.9800 65.4400 74.9900 77.1400 36.5700 81.8800 66.9300 19.0900 47.5500 3.5300 41.5500 38.1200 0.0000 40.9942 83.5600 75.7942 69.1425 73.7342 67.7728 62.1715 90.6925 64.0374 50.6728 78.9040 59.5908 30.9642 
46.0725 64.9000 82.6300 13.9200 86.6500 87.1500 70.8200 92.9400 75.2100 35.6300 67.2300 54.7500 21.6100 60.3100 11.9900 47.5700 43.6000 37.7900 46.6200 26.6700 98.7000 24.1200 63.6500 45.4600 52.5700 43.9700 58.2900 85.8200 60.3700 69.0900 82.4500 49.0300 53.6300 41.4800 40.0600 11.5600 67.9200 38.3700 0.0000 72.0231 45.4736 76.0652 43.9136 97.5728 57.6828 86.7676 32.5136 80.4728 51.8472 88.3612 10.4312 
48.6024 12.7300 43.6500 75.5200 59.1100 91.4400 95.1000 71.4100 5.7800 48.2400 27.4100 73.1000 51.8600 14.1700 76.9300 91.8300 29.0600 98.0100 37.3900 51.9400 30.8300 47.2000 76.7200 77.0500 75.7700 48.1900 18.6500 47.4300 12.9400 82.6800 27.2700 22.8400 102.1500 36.0100 87.0100 59.7700 76.9600 83.5000 71.3100 0.0000 55.1272 43.7492 56.9557 92.6100 25.0884 23.9212 49.7428 88.2399 39.0767 91.9262 73.8378 
58.4625 52.7900 82.8200 50.2100 93.2000 108.6600 99.2100 103.1300 57.5700 48.6300 63.4400 78.5100 35.5200 37.9300 49.2900 81.4300 25.8600 75.4200 15.1600 42.6500 82.8700 27.5100 86.4000 73.8200 78.2400 56.3600 49.3000 86.7600 39.1200 92.8000 74.0100 31.6900 89.2700 43.6500 74.1600 30.2700 89.4300 71.5600 37.9100 52.0500 0.0000 78.4960 2.9260 116.5925 52.9636 73.7820 16.0360 101.3800 20.3872 108.5125 45.4272 
33.5725 30.1200 8.5000 70.5800 18.1700 52.1600 62.4800 30.1100 38.3500 38.8800 14.7200 44.3800 53.2700 48.7900 73.3200 70.1800 51.0900 84.5000 66.0300 47.6600 42.4200 55.3000 43.7700 53.9100 48.5200 31.4700 28.9900 11.5500 46.9200 48.2100 21.2200 46.6700 80.2600 34.7000 68.4500 65.3700 42.0300 65.2200 74.2900 41.5200 76.2000 0.0000 76.5518 56.1786 30.4818 33.8538 73.5728 53.5907 67.1704 48.1770 69.5578 
57.1525 52.8000 82.3300 48.1400 92.4200 107.2200 97.4700 102.2100 58.0100 47.2000 63.0400 76.8900 33.7900 38.5100 47.2100 79.4600 25.7000 73.3400 16.1700 41.0100 83.3500 25.9100 84.8500 72.0200 76.5500 55.0500 49.0500 86.2600 39.6200 91.2300 73.9800 31.7000 87.2500 42.6400 72.1800 28.2500 87.9400 69.6000 35.8200 52.5600 2.0900 75.5700 0.0000 115.2825 50.3700 74.2820 13.1100 99.7400 21.3972 107.2025 43.4072 
61.1825 80.4400 52.6100 86.2600 36.6900 12.5100 38.0100 25.6300 89.8300 67.1700 65.2000 42.5500 82.3900 97.5700 89.4600 63.6200 94.4500 84.7500 109.6400 74.7600 90.4300 88.8000 33.7300 54.0500 45.6700 59.0800 77.2300 50.2700 95.8000 29.7100 71.4200 92.1000 69.2800 72.5500 67.5500 93.2000 29.1300 66.2800 96.8700 92.6100 115.4200 51.5400 114.1300 0.0000 76.9822 85.3938 104.8866 19.1000 113.6708 11.5800 91.6376 
27.6525 12.1600 36.3500 55.0000 47.9500 72.8900 73.3900 59.0400 24.3400 25.6300 16.9700 51.0600 32.2100 21.7600 56.8600 69.0400 20.9700 76.0600 35.8700 30.4700 45.5000 30.2300 55.5900 54.3000 53.4200 25.5500 5.0300 40.3200 20.1500 61.8400 29.7400 16.6200 79.3700 13.7000 64.3300 42.4600 56.5000 60.8100 53.4100 22.8000 46.4900 30.1800 46.0700 76.2200 0.0000 34.5312 43.5228 68.8652 36.6886 77.7025 52.3678 
54.6525 20.0400 31.5400 86.5400 47.8400 85.3300 94.1500 60.1300 13.6400 55.7200 24.0100 73.8400 63.8800 33.2800 88.4900 96.5900 46.0300 106.4400 56.3800 61.8300 13.8200 61.2000 75.2400 80.6600 77.3500 52.5500 26.6900 34.5400 31.8000 80.3700 12.5800 39.6800 107.0200 44.9200 93.0200 73.7200 74.2500 89.5200 84.9000 19.4100 70.6200 33.1900 70.9300 83.9500 31.6800 0.0000 66.5828 83.2607 58.0154 81.3670 83.7278 
45.8625 45.6900 72.9400 39.5900 82.1200 95.8300 86.3200 91.5200 52.9300 35.8200 54.0900 65.5400 22.6400 34.7900 39.2300 69.3200 19.0200 65.1000 17.6000 29.6900 78.0900 14.5400 73.4600 61.0300 65.3000 43.7600 40.9100 76.7800 35.4200 79.8500 66.3700 25.3800 77.5900 31.9500 62.2000 19.2200 76.5300 59.4300 29.0300 47.9500 12.9600 65.7800 11.4000 102.8300 37.2600 64.9700 0.0000 88.4200 22.8272 95.9125 34.3772 
45.6015 70.5700 48.3900 69.1800 35.0700 8.5800 24.7100 28.6400 81.3100 51.7100 56.2500 25.4600 66.3700 86.1100 72.3800 47.5400 80.8900 68.3600 95.7700 58.7300 86.5200 73.2200 16.6300 37.0100 28.5900 44.1800 66.2400 47.2700 84.4500 13.1400 65.8000 79.3000 54.2100 58.5700 50.9000 76.7700 12.0700 49.4400 79.9700 83.2000 100.3200 44.6500 98.9100 17.1000 64.3600 77.8200 87.5300 0.0000 99.2815 11.0544 74.5976 
55.2625 38.4200 71.0800 59.8900 83.5600 105.4200 100.3100 94.6200 40.7300 47.3800 51.5400 78.2300 39.3500 20.9300 59.8700 87.0900 15.9700 85.3200 3.6300 44.5400 65.6900 31.0000 85.0000 76.4500 79.0200 53.1600 36.8500 75.1100 22.4500 91.5200 59.4200 19.0000 96.1300 38.3000 80.4000 39.7600 87.1700 77.3200 50.1000 35.0100 18.4000 65.6400 19.5600 110.3700 35.6200 54.2200 21.1100 96.8500 0.0000 105.3125 54.9172 
52.0520 75.1600 50.2600 76.6900 35.4900 5.4500 29.6100 26.7200 85.3500 58.6800 60.3500 32.9700 73.5700 91.4500 79.8900 54.2600 87.1200 75.2800 102.1400 65.9300 88.5500 80.2600 24.1200 44.4000 36.0300 50.8900 71.3100 48.5700 89.7400 20.1200 68.4700 85.2000 60.3200 64.9200 57.9900 84.1300 19.5900 56.6600 87.4700 87.6400 107.2000 47.7000 105.8300 9.6500 69.8100 80.7900 94.4700 7.5200 103.0800 0.0000 81.9876 
39.1825 62.8600 76.7600 5.5300 79.2900 77.4300 60.7900 84.7800 74.0900 29.4900 62.9100 45.0600 18.9700 61.3000 6.1200 38.0300 45.1000 31.0500 51.1400 21.2600 96.3300 24.7900 53.9800 35.4600 42.7000 37.0800 55.8800 79.6800 61.0500 59.2700 78.6500 49.7100 44.8100 37.7900 30.5300 14.8600 58.3500 28.5900 10.0300 70.8200 44.8300 68.2900 42.7700 87.4100 50.8600 82.5200 34.0700 70.4200 54.3700 77.9300 0.0000 
~
Delivery quantities;
95.83	76.96	28.08	50.89	90.42	91.78	12.19	10.64	80.67	56.32	71.18	80.01	86.04	31.22	94.37	1.71	34.69	98.82	66.50	83.57	97.34	15.13	88.94	33.68	21.96	62.37	64.55	81.39	89.25	2.70	86.34	46.29	60.28	93.38	84.19	55.08	91.10	9.71	44.62	92.86	55.82	74.84	23.98	99.65	62.84	14.52	68.51	52.77	4.04	38.99
~
Pick-up quantities;
119.43	97.77	19.48	50.43	69.06	67.50	14.95	8.23	59.40	68.44	105.42	92.36	74.87	19.13	120.86	2.03	41.99	76.85	92.93	66.12	139.46	9.50	93.40	37.03	30.35	40.22	73.86	42.25	72.58	2.84	77.95	34.86	65.51	114.58	47.70	76.39	116.49	11.43	25.86	124.29	48.83	75.87	18.43	147.66	79.19	8.50	77.75	38.01	2.98	40.17
~
Vehicle capacity; 
369.88	369.88	369.88	369.88	369.88	369.88	369.88	369.88	369.88	~


